‰¿Ši
10
50
60
130
50
150
27
9
85
70
70
90
2
44
15
98
63
35
33
95
30
115
39
21
0
0
77
0
35
12
3
74
20
42
15
13
75
50
25
20
43
4
0
6
45
0
0
55
47
9
24
2
18
35
22
18
40
65
60
135
12
29
15
25
37
25
30
70
50
25
220
20
180
35
110
55
38
5
1
7
12
23
75
50
8
5
12
48
15
9
20
65
99
30
3
0
0
15
25
13
3
148
75
60
88
21
12
68
55
188
0
16
33
38
10
55
40
70
180
37
72
34
25
71
47
33
17
98
42
198
0
0
25
70
65
120
150
4
11
35
2
15
85
45
5
9
13
44
0
0
20
30
0
0
0
3
0
5
0
0
0
8
10
20
25
5
0
30
25
12
80
0
0
15
60
1
90
200
250
0
0
3
0
0
0
0
0
200
45
60
0
1
22
50
30
0
0
0
0
0
0
0
0
0
0
0
0
0
0
0
0
4
0
0
0
0
