マスク
0A40
0A40
0860
0201
0400
0400
0529
0422
0200
0824
F080
2200
050B
050B
050B
0008
054B
0500
0502
0401
014A
0501
0142
040A
0000
4502
0080
0000
2020
2020
0220
0220
0220
4020
60A0
60A0
0403
0C00
0200
2200
2280
2280
2282
0000
2283
0000
0000
8000
9004
90C4
D010
D010
C004
E084
0800
0800
0800
0800
0800
0840
0048
4090
4000
044B
0902
C000
0340
0340
8000
5010
A920
0000
0541
0541
0000
B2A0
0000
0409
B88E
0509
0509
0509
0409
0140
0509
B8A6
4D0B
0408
040A
0149
0400
0140
0903
0408
4000
0000
0000
CD01
0000
0000
02A0
C2A0
4280
02A0
0000
0000
4000
02A0
0000
0000
0000
02A2
4010
0C00
4400
0000
6040
2F6B
2F6B
0D6B
0D2B
4403
0400
0D0B
0402
4401
0828
0743
0D2B
0D03
0000
0000
4D43
5084
AFEB
AD6B
5000
0280
AD6B
0D4B
5294
0000
0343
0000
70A0
C000
0D64
4210
0000
0000
BD0B
CD43
0000
0000
FFFF
FFFF
C000
FFFF
0000
0000
0000
0000
0000
0000
0000
0000
0000
0000
0000
0000
0000
0000
0000
0000
0000
0000
0000
0000
0000
0000
0000
0000
0000
0000
0000
0000
0000
0000
0000
0000
0000
0000
0000
0000
0000
0000
0000
0000
0000
0000
0000
0000
0000
0000
0000
0000
0000
0000
0000
0000
0000
0000
0000
0000
0000
0000
