ÉpÉâÉÅÅ[É^
2
5
9
9
6
12
13
27
22
20
6
24
33
45
90
70
55
67
99
100
120
80
42
105
40
130
85
110
18
28
45
65
100
15
25
65
95
125
55
29
35
40
63
5
66
125
60
19
53
70
12
35
115
90
10
30
45
60
70
85
27
1
35
99
110
3
4
7
6
33
12
5
11
15
10
18
17
19
23
21
25
30
50
38
55
40
60
40
70
65
75
45
85
80
35
85
90
95
13
20
28
55
37
33
45
70
50
37
35
60
80
55
20
40
15
23
2
4
7
11
16
22
45
30
35
55
40
37
0
48
60
65
70
3
2
6
7
11
16
25
20
7
30
14
28
35
40
25
45
50
45
70
60
30
0
0
10
0
0
0
0
0
0
0
0
0
0
0
0
0
0
0
0
0
0
0
0
0
0
0
0
0
0
0
0
0
0
0
0
0
0
0
0
0
0
0
0
0
0
0
0
0
0
0
0
0
0
0
0
0
0
0
0
0
0
0
