É}ÉXÉN
8A
8A
28
82
51
71
A6
28
82
08
00
51
A6
82
86
D1
A6
04
06
82
00
86
A4
06
82
86
51
02
51
B1
57
51
71
80
82
82
0C
88
51
D0
51
51
51
00
D1
80
01
00
00
00
00
00
00
00
08
08
08
08
08
08
08
51
51
04
08
20
FF
AF
51
08
28
A0
A6
A6
51
51
51
24
2D
A6
A6
A6
A6
00
2C
29
8E
A6
86
00
82
00
08
86
20
02
80
86
51
51
51
51
51
51
51
51
51
00
51
51
51
00
00
AA
08
50
79
FF
FF
AE
AE
82
82
86
8A
83
86
00
8E
88
02
80
8E
08
FF
AC
00
D3
AE
A6
08
51
00
51
51
59
86
51
51
02
8E
CE
80
50
FF
FF
41
FF
80
50
D3
00
00
00
00
00
00
00
00
00
00
00
00
00
00
00
00
00
00
00
00
00
00
00
00
00
00
00
00
00
00
00
00
00
00
00
00
00
00
00
00
00
00
00
00
00
00
00
00
00
00
00
00
00
00
00
