m_ID:int,m_name,m_HP:int,m_MP:int,m_q:int,m_o:int,m_d:int,m_ex:int,m_gold:int,m_item
0,スライム,7,0,3,7,5,1,1,やくそう
1,とげぼうず,7,0,5,8,6,2,2,やくそう
2,せみもぐら,10,0,4,9,7,3,2,やくそう
3,ドラキー,10,0,7,11,9,4,2,やくそう
4,おおきづち,18,0,10,2,2,6,3,やくそう
5,いっかくうさぎ,12,0,8,13,7,4,3,かわのぼうし
6,グリーンワーム,15,0,5,10,8,4,4,かしこさのたね
7,ガップリン,19,5,12,23,17,10,9,キメラのつばさ
8,くびながイタチ,16,0,8,11,9,5,6,すばやさのたね
9,バブルスライム,15,0,7,12,7,6,7,どくけしそう
10,おおねずみ,18,0,9,12,10,4,8,やくそう
11,スカルサーペント,15,0,11,19,13,7,6,やくそう
12,つちわらし,22,0,13,19,11,11,10,たけのやり
13,メラリザード,23,5,16,20,20,14,14,かわのぼうし
14,ベビーパンサー,19,0,10,16,13,6,7,ただのぬのきれ
15,マッドプラント,18,5,14,21,14,13,10,ふしぎなきのみ
16,スピニー,22,0,16,21,30,15,13,やくそう
17,ジャミ,2000,255,65,150,2047,0,0,ちいさなメダル
18,まほうつかい,20,9,15,21,17,18,20,まほうのせいすい
19,サボテンボール,22,0,14,22,14,15,12,やくそう
20,ラーバキング,30,0,13,23,17,16,15,やくそう
21,ナイトウイプス,17,3,12,18,14,9,10,やくそう
22,スカンカー,28,0,18,23,21,15,16,キメラのつばさ
23,おばけねずみ,31,0,14,20,19,18,13,すばやさのたね
24,ドラキーマ,30,8,13,25,24,18,13,たびびとのふく
25,ゴースト,19,0,14,15,15,10,9,せいすい
26,おばけキャンドル,20,3,13,20,17,13,11,ブロンズナイフ
27,がいこつへい,42,0,20,52,50,30,19,どうのつるぎ
28,アルミラージ,27,0,17,25,25,20,15,けがわのフード
29,カパーラナーガ,25,0,15,30,31,24,14,とがったホネ
30,ホイミスライム,35,255,15,17,20,19,15,やくそう
31,わらいぐさ,24,4,16,23,28,17,3,ふしぎなきのみ
32,ダンスニードル,33,0,14,35,30,19,15,きのぼうし
33,ベビーニュート,37,5,17,40,38,20,19,いしのキバ
34,トンネラー,35,0,9,34,51,21,9,やくそう
35,ジャミ,820,255,50,120,120,3500,0,ちいさなメダル
36,どぐうせんし,50,3,19,39,38,25,17,まもりのたね
37,ダークアイ,34,0,22,38,19,27,19,やくそう
38,スライムナイト,40,6,20,44,45,37,22,せいどうのよろい
39,わらいぶくろ,31,255,25,33,15,10,55,キメラのつばさ
40,ブラウニー,47,0,8,15,28,24,18,まもののエサ
41,エビルアップル,30,3,19,41,35,35,25,やくそう
42,ばくだんベビー,33,0,15,49,46,37,32,ばくだんいし
43,ガスミンク,37,0,24,41,28,40,40,うろこのたて
44,ゲマ,1024,255,8,120,100,0,0,ひのきのぼう
45,メタルスライム,5,12,115,39,2047,1350,75,すばやさのたね
46,ピッキー,30,3,21,44,41,41,32,キメラのつばさ
47,ジャミ,180,255,35,75,116,0,0,ちからのたね
48,おばけきのこ,35,0,24,43,37,42,35,どくけしそう
49,ともしびこぞう,41,6,22,51,36,44,42,ブロンズナイフ
50,ゴンズ,170,0,25,85,126,0,0,ちからのたね
51,くさったしたい,70,0,10,48,2,67,15,ただのぬのきれ
52,アウルベアー,41,0,26,55,31,45,40,てつのたて
53,イエティ,48,0,23,56,40,49,37,せいすい
54,ひとくいばこ,90,3,12,60,50,23,95,ちいさなメダル
55,ガメゴン,30,0,20,53,110,48,55,まもりのたね
56,ゴンズ,170,0,25,85,126,0,0,ちからのたね
57,まどうし,48,8,28,54,30,45,47,まほうのせいすい
58,ドラゴンキッズ,52,0,25,59,33,50,45,いのちのきのみ
59,パパス,410,65,60,117,60,0,0,なし
60,さんぞくウルフ,40,0,29,64,39,48,42,どうのつるぎ
61,ムチおとこ,65,0,21,40,38,50,60,すばやさのたね
62,クックルー,36,5,27,62,35,44,31,やくそう
63,インスペクター,49,5,31,55,40,52,38,キメラのつばさ
64,ニセたいこう,350,0,35,70,90,750,320,ふしぎなきのみ
65,エンプーサ,42,0,32,49,37,55,42,かわのこしまき
66,キラーパンサー,1024,0,40,65,160,0,0,すばやさのたね
67,ようがんげんじん,400,0,21,90,50,350,250,まほうのせいすい
68,ビックアイ,54,10,25,60,40,62,35,おおきづち
69,あくまのツボ,200,7,45,7,92,71,79,ちいさなメダル
70,エビルプラント,42,0,32,57,31,59,30,いばらのムチ
71,メタルライダー,50,8,35,61,75,135,61,てつのむねあて
72,さまようよろい,57,0,31,75,64,65,50,さまようよろい
73,モーザ,57,4,30,59,64,67,40,てつのたて
74,ドロヌーバ,75,0,20,70,40,60,31,いのちのきのみ
75,はぐれメタル,7,255,150,61,2047,10050,10,ちいさなメダル
76,カンダタ,600,25,30,95,85,1150,500,いしのオノ
77,ミステリドール,70,8,35,65,95,50,150,まもりのたね
78,デスパロット,40,0,37,58,56,71,40,キメラのつばさ
79,ビッグスロース,65,2,35,75,50,74,42,ちからのたね
80,パペットマン,52,0,44,63,71,78,30,おどりこのふく
81,デススパーク,35,8,36,60,58,84,37,まほうのせいすい
82,ゴンズ,1700,0,80,200,190,3500,650,ちいさなメダル
83,とつげきへい,60,0,41,75,72,86,42,てつのむねあて
84,リビングデッド,105,0,15,64,15,85,21,せかいじゅのは
85,スモールグール,50,0,40,70,52,90,22,やくそう
86,ホースデビル,70,8,43,83,68,101,55,まもののエサ
87,ゲマ,4500,255,90,280,250,12000,900,ちいさなメダル
88,ラマダ,2000,255,55,265,200,8500,800,こんぼう
89,キラーパンサー,69,0,51,71,54,100,45,てつのツメ
90,カンダタこぶん,500,30,65,130,90,750,150,ちいさなメダル
91,グレゴール,75,12,40,70,60,95,43,せいすい
92,メタルハンター,53,0,50,81,90,140,41,かしこさのたね
93,ミミック,400,10,52,110,150,210,110,ちいさなメダル
94,キメラ,65,7,44,72,65,110,55,キメラのつばさ
95,へびこうもり,63,0,42,79,61,80,33,まんげつそう
96,ベロゴン,85,0,32,64,42,99,35,においぶくろ
97,ダークマンモス,110,0,41,90,65,115,55,ちからのたね
98,ばくだんいわ,115,2,10,69,12,120,13,ばくだんいし
99,ランスアーミー,82,0,51,85,64,105,41,てつのむねあて
100,まものつかい,70,0,43,60,58,135,53,いばらのムチ
101,マドルーパー,83,4,40,91,35,120,31,まもりのたね
102,おどるほうせき,45,255,70,55,110,80,200,いのりのゆびわ
103,ベホマスライム,69,255,37,47,62,70,43,せかいじゅのは
104,ガスダンゴ,92,0,23,80,40,130,40,どくけしそう
105,オーク,85,0,45,90,64,125,55,けがわのマント
106,スライム,55,0,56,53,35,24,18,やくそう
107,キングスライム,210,15,40,115,58,200,115,せかいじゅのは
108,ほのおのせんし,73,0,48,83,60,140,50,かしこさのたね
109,ツボック,500,10,91,120,300,250,158,ちいさなメダル
110,ケムケムベス,110,10,33,70,44,95,33,いのちのきのみ
111,まほうじじい,72,12,47,68,72,123,50,まほうのせいすい
112,ドラゴンマッド,110,0,43,99,65,137,45,かしこさのたね
113,しにがみへい,85,0,52,84,61,126,25,まんげつそう
114,デッドエンペラー,130,0,58,100,89,158,65,いかずちのつえ
115,リントブルム,65,0,63,85,73,98,42,においぶくろ
116,ミニデーモン,70,8,55,79,68,130,47,おなべのふた
117,パオーム,115,0,42,105,60,155,60,ちからのたね
118,ストーンマン,120,0,33,125,110,176,65,いのちのいし
119,ダックカイト,74,5,55,85,60,145,57,キメラのつばさ
120,メッサーラ,99,9,60,107,67,170,50,いのりのゆびわ
121,メイジキメラ,99,50,57,82,67,181,65,キメラのつばさ
122,ベロゴンロード,110,0,48,95,40,180,35,かしこさのたね
123,ジェリーマン,400,30,120,95,30,550,85,ちいさなメダル
124,のろいのマスク,70,0,65,90,90,210,40,てっかめん
125,オークキング,85,20,60,110,65,235,65,けがわのマント
126,ダミー17,180,255,35,75,116,0,0,ちからのたね
127,ガボット,100,0,52,105,62,190,55,どくけしそう
128,シールドヒッポ,90,0,45,105,120,202,60,てつのたて
129,ホークマン,75,4,60,95,62,185,51,はがねのつるぎ
130,デビルダンサー,70,0,63,72,60,225,45,おどりこのふく
131,アームライオン,93,0,58,107,72,240,70,てつのツメ
132,マムー,91,0,51,105,45,213,57,すばやさのたね
133,エリミネーター,83,0,61,75,71,215,54,いしのオノ
134,バルーン,119,10,64,89,75,217,60,てんしのすず
135,デンタザウルス,93,0,49,121,115,260,65,ちからのたね
136,ガネーシャ,110,0,56,131,75,264,70,いのちのきのみ
137,ボスガルム,130,0,63,130,81,245,63,ファイトいっぱつ
138,シャドーサタン,115,9,67,110,93,252,60,ふしぎなきのみ
139,マドハンド,93,0,71,83,60,110,35,キメラのつばさ
140,ゴーレム,190,0,51,160,150,330,90,ちからのたね
141,オークLv20,950,30,70,130,121,350,300,けがわのマント
142,リザードマン,127,4,66,105,95,245,65,のこぎりがたな
143,ひくいどり,95,0,82,89,80,280,63,りりょくのつえ
144,ケンタラウス,130,5,69,120,94,270,75,まほうのせいすい
145,ブリザードマン,104,6,73,105,73,290,60,シルクハット
146,ゾンビナイト,143,0,45,115,53,301,40,ブラッドメイル
147,ネクロマンサー,132,30,75,98,115,325,90,いのりのゆびわ
148,スライムベホマズン,133,120,58,99,111,380,100,ふっかつのたま
149,じゃしんのへいたい,115,0,77,125,105,270,63,てつのむねあて
150,ビヒーモス,128,2,56,135,160,295,80,てつのたて
151,ガーゴイル,110,3,80,140,96,310,85,スネークソード
152,ソルジャーブル,143,0,78,154,110,335,90,バトルアックス
153,サターンヘルム,115,0,75,130,135,314,135,サタンヘルム
154,グレイトマムー,140,0,70,145,70,350,90,すばやさのたね
155,イズライール,135,20,69,140,121,401,110,ようせいのけん
156,サウルスロード,135,0,61,165,125,376,95,まもりのたね
157,りゅうせんし,123,0,80,160,115,380,81,はがねのつるぎ
158,シルバーデビル,140,8,77,130,110,403,100,エルフののみぐすり
159,ラムポーン,128,4,75,138,101,390,98,まもののエサ
160,ドラゴンゾンビ,200,0,48,173,55,450,55,はめつのたて
161,メガザルロック,220,5,52,105,195,402,70,いのちのいし
162,メタルキング,7,20,152,97,2047,30010,15,ちいさなメダル
163,オーガヘッド,109,25,90,103,230,390,112,ふしぎなきのみ
164,アンクルホーン,180,13,85,147,120,480,120,デビルアーマー
165,キメーラLv35,800,255,99,110,120,450,350,キメラのつばさ
166,へびておとこ,131,5,77,152,100,370,82,スネークソード
167,グレンデル,155,10,80,180,140,432,109,くさりかたびら
168,バルバロッサ,171,16,85,163,155,480,130,せかいじゅのは
169,ホークブリザード,150,14,80,150,120,445,90,かぜのぼうし
170,ブラックドラゴン,180,0,88,185,144,630,125,ちからのたね
171,バザックス,161,0,63,173,137,470,80,まもりのたね
172,ゴールデンドラゴン,210,23,125,175,130,130,1023,まじんのかなづち
173,メタルドラゴン,172,0,94,210,210,610,93,メタルキングよろい
174,あくましんかん,169,80,75,165,123,590,117,やまびこのぼうし
175,シュプリンガー,175,16,91,190,145,515,98,はがねのつるぎ
176,エビルマスター,180,36,81,154,155,400,110,デビルアーマー
177,レッドイーター,120,0,115,170,70,370,80,まんげつそう
178,ブルーイーター,140,0,115,180,70,310,74,ほのおのツメ
179,ムーンフェイス,300,20,72,138,55,490,115,ちりょくのかぶと
180,エビルスピリッツ,155,0,108,145,67,580,53,エルフののみぐすり
181,グレイトドラゴン,220,0,95,220,160,1010,158,ふっかつのたま
182,ダークシャーマン,170,20,88,160,164,640,110,まどうしのローブ
183,キラーマシン,169,0,98,185,185,700,74,やいばのよろい
184,バズズ,177,30,89,168,158,610,112,メガンテのうでわ
185,れんごくちょう,160,20,86,170,160,675,130,かぜのぼうし
186,ライオネック,250,16,97,180,170,610,124,ダークシールド
187,ガメゴンロード,178,24,63,169,260,690,140,まほうのせいすい
188,ギガンテス,310,0,77,210,110,770,110,ちからのたね
189,フレアドラゴン,125,0,87,125,115,550,95,いのちのきのみ
190,スカルドン,300,33,65,190,93,800,53,どくばり
191,マヌハーン,200,0,99,140,210,610,80,ばくだんいし
192,ドードリアン,0,0,0,0,0,0,0,なし
193,ワイトキング,250,36,87,150,142,777,5,まふうじのつえ
194,ゴルバ,150,0,103,169,135,510,63,あくまのツメ
195,ガルバ,160,16,103,179,139,570,57,あくまのツメ
196,メカバーン,350,0,99,260,300,1150,160,オリハルコンのキバ
197,ヘルバトラー,450,65,124,205,192,1370,215,じごくのサーベル
198,セルゲイナス,410,36,119,250,185,1500,300,オーガシールド
199,プクプク,62,0,50,69,40,80,30,やくそう
200,しびれくらげ,50,0,48,65,41,77,22,まんげつそう
201,たまてがい,55,0,50,80,97,110,47,まもりのたね
202,オクトリーチ,73,0,45,75,55,95,37,おどりこのふく
203,ダミー19,0,0,0,0,0,0,0,なし
204,ダミー20,0,0,0,0,0,0,0,なし
205,マーマン,68,9,51,85,72,105,45,てつのツメ
206,プチイール,60,0,38,69,49,99,29,キメラのつばさ
207,シードッグ,80,0,57,89,63,113,45,のこぎりがたな
208,ゆうれいせんちょう,85,0,56,95,73,200,100,シルクハット
209,キラーシェル,65,30,53,87,110,120,43,まもりのたね
210,ダミー21,0,0,0,0,0,0,0,なし
211,ブルーマッコイ,0,0,0,0,0,0,0,なし
212,ダミー22,0,0,0,0,0,0,0,なし
213,マザーオクト,100,0,62,84,40,125,53,まもののエサ
214,しんかいりゅう,120,0,67,110,89,210,59,いのちのきのみ
215,ネーレウス,100,50,71,110,103,230,110,かいがらぼうし
216,マーマンダイン,95,3,73,120,90,170,90,ちからのたね
217,キャプテンクック,123,40,84,130,105,350,115,ゾンビメイル
218,オーシャンキング,0,0,0,0,0,0,0,なし
219,グロンデプス,160,0,92,145,62,400,125,ようせいのけん
220,ちちおや,318,65,35,127,83,0,0,なし
221,ようせいびと,38,47,24,29,7,0,0,なし
222,てんくうびと,0,0,0,0,0,0,0,なし
223,○○○○のつま,72,35,28,25,31,0,0,なし
224,うごくせきぞう,100,0,5,33,45,85,70,まもりのたね
225,おやぶんゴースト,200,40,20,36,50,300,180,ちからのたね
226,ザイル,160,6,28,42,40,105,50,まほうのせいすい
227,ゆきのじょおう,600,90,18,50,45,650,200,キメラのつばさ
228,ブオーン,4500,255,90,300,160,9500,0,ちからのたね
229,エスターク,9000,255,85,420,96,5000,510,ちいさなメダル
230,イブール,4500,255,73,19,180,21000,1000,ちいさなメダル
231,ミルドラース,832,255,80,200,180,0,0,なし
232,ミルドラース,4500,255,75,315,230,0,0,なし
233,ミルドラース,4500,255,15,315,230,0,0,なし
234,ミルドラース,4500,255,15,315,230,0,0,なし
235,ミルドラース,12,64,0,212,15,42920,796,せいなるみずさし
