ID,モンスター名,HP,MP,すばやさ,こうげきりょく,しゅびりょく,けいけんち,ゴールド,アイテムかくりつ,アイテム,LV,メタルけい,ドラゴンけい,ゾンビけい,そらけい,スライムけい,ふくすうかい,しぜんかいふく,しゅうちゅうこうげき,みかわし,しょきじょうたい,しょきかくりつ,なかまかくりつ,メラ,ギラ,イオ,ヒャド,バギ,デイン,マヌーサ,ラリホー,ザキ,ニフラム,マホトラ,マホトーン,メダパニ,ルカニ,どく,やすみ,おどりふうじ,ほのお,ふぶき,たたき,まひ,ぐんたい
0,なし,0,0,0,0,0,0,0,0,なし,0,0,0,0,0,0,0,0,0,0,0,0,0,0,0,0,0,0,0,0,0,0,0,0,0,0,0,0,0,0,0,0,0,0,0
1,スライム,7,0,3,9,8,1,1,4,やくそう,1,0,0,0,0,1,0,0,0,0,0,0,7,0,0,0,0,0,0,0,0,0,1,3,3,0,0,0,0,3,0,0,0,0,0
2,ナスビナーラ,8,0,5,10,9,2,2,3,やくそう,1,0,0,0,0,0,0,0,0,1,0,0,5,0,0,0,0,0,0,0,0,0,1,3,3,0,0,0,0,0,0,0,0,0,0
3,オニムカデ,8,0,4,12,13,3,3,1,やくそう,2,0,0,0,0,0,0,0,0,0,0,0,5,0,0,0,0,0,0,0,0,0,1,3,3,0,0,0,0,3,0,0,0,0,0
4,リップス,10,0,8,11,7,2,4,2,やくそう,2,0,0,0,0,0,0,0,0,0,0,0,6,0,0,0,0,0,0,0,0,0,1,3,3,0,0,0,0,3,0,0,0,0,0
5,みみとびねずみ,16,0,9,16,9,5,5,4,やくそう,4,0,0,0,1,0,0,0,0,1,0,0,5,0,0,0,0,0,0,0,0,0,1,3,3,0,0,0,0,3,0,0,0,0,0
6,バブルスライム,24,0,6,20,12,7,4,2,どくけし草,6,0,0,0,0,1,0,0,0,0,0,0,5,0,0,0,0,0,0,1,0,0,1,3,3,0,0,0,0,3,0,0,0,0,0
7,サボテンボール,14,0,10,18,14,4,5,6,いばらのムチ,3,0,0,0,0,0,0,0,0,0,0,0,6,0,0,0,0,0,0,0,0,0,2,3,3,0,0,0,0,3,0,0,0,0,0
8,ちゅうまじゅう,20,0,7,20,13,6,3,5,せいすい,3,0,0,0,0,0,0,0,0,0,0,0,6,0,0,0,0,0,0,0,0,0,2,3,3,0,0,0,0,3,0,0,0,0,0
9,ねこまどう,22,4,8,19,15,8,7,5,ひのきのぼう,5,0,0,0,0,0,0,0,0,1,0,0,4,0,0,0,0,0,0,0,0,0,1,0,0,0,0,0,0,3,0,0,0,0,0
10,ソードワラビー,24,0,12,25,14,10,6,5,どうのつるぎ,4,0,0,0,0,0,0,0,0,0,0,0,5,0,0,0,0,0,0,0,0,0,2,3,3,0,0,0,0,3,0,0,0,0,0
11,はなカワセミ,20,0,13,20,9,9,4,4,やくそう,6,0,0,0,1,0,0,0,0,0,0,0,5,0,0,0,0,0,0,0,0,0,1,3,3,0,0,0,0,3,0,0,0,0,0
12,森の番人,28,0,10,27,16,11,5,4,布の服,5,0,0,0,0,0,0,0,0,0,0,0,4,0,0,0,0,0,0,0,0,0,2,3,3,0,0,0,0,3,0,0,0,0,0
13,はりせんもぐら,25,0,8,30,25,8,7,5,やくそう,5,0,0,0,0,0,0,0,0,0,0,0,4,0,0,0,0,0,0,0,1,1,0,3,3,0,0,0,0,3,0,0,0,0,0
14,インプ,30,4,16,33,20,12,6,4,やくそう,5,0,0,0,0,0,0,0,0,0,0,0,4,0,0,0,0,0,0,0,0,0,1,0,0,0,0,0,0,3,0,0,0,0,0
15,かにおとこ,27,0,12,35,31,14,6,6,どうのつるぎ,7,0,0,0,0,0,0,0,0,0,0,0,5,0,0,0,0,0,0,1,0,0,2,3,3,0,0,0,0,3,0,0,0,0,0
16,ホイミスライム,30,12,16,27,23,15,8,7,ふしぎなきのみ,10,0,0,0,0,1,0,0,0,1,0,0,5,0,0,0,0,0,0,0,2,1,2,2,2,0,0,0,0,3,0,0,0,0,0
17,そらの狩人,40,0,18,32,25,13,9,4,ひのきのぼう,6,0,0,0,1,0,0,0,0,1,0,0,4,0,0,0,0,0,0,0,0,0,1,3,3,0,0,0,0,3,0,0,0,0,0
18,とさかへび,28,3,24,37,20,17,7,4,皮のぼうし,7,0,0,0,0,0,0,0,0,0,0,0,4,0,0,0,0,0,0,0,0,0,1,0,0,0,0,0,0,3,0,0,0,0,0
19,マドハンド,35,0,17,40,13,11,5,6,せいすい,7,0,0,1,0,0,0,0,0,0,0,0,3,0,0,0,0,0,0,2,2,1,2,3,3,0,0,0,0,3,0,0,0,0,0
20,どくあおむし,35,0,16,35,14,17,6,2,どくけし草,7,0,0,0,0,0,0,0,0,0,0,0,4,0,0,0,0,0,0,0,0,0,1,3,3,0,0,0,0,0,0,0,0,0,0
21,スライムベス,24,0,25,33,15,10,4,4,やくそう,8,0,0,0,0,1,0,0,0,0,0,0,6,0,0,0,0,0,0,0,0,0,1,3,3,0,0,0,0,0,0,0,0,0,0
22,メランザーナ,40,0,21,28,25,19,8,6,布の服,8,0,0,0,0,0,0,0,0,2,0,0,5,0,0,0,0,0,0,0,0,1,1,3,3,0,0,0,0,0,0,0,0,0,0
23,テールモンキー,46,0,23,36,25,18,9,5,うまのふん,9,0,0,0,0,0,0,0,0,0,0,0,4,0,0,0,0,0,0,0,0,1,2,3,3,0,0,0,0,3,0,0,0,0,0
24,フェアリーラット,33,0,25,35,23,17,8,4,やくそう,5,0,0,0,1,0,0,0,0,1,0,0,5,0,0,0,0,0,0,0,1,1,2,3,3,0,0,0,0,3,0,0,0,0,0
25,ベビーゴイル,45,7,23,36,26,19,7,6,ふしぎなきのみ,6,0,0,0,0,0,0,0,0,0,0,0,5,0,0,0,0,0,0,0,1,1,1,0,0,0,0,0,0,3,0,0,0,0,0
26,くさった死体,65,0,13,37,18,18,5,4,どくけし草,6,0,0,1,0,0,0,0,0,0,0,0,6,0,0,0,0,0,0,0,0,0,0,0,0,0,0,0,1,3,0,0,0,0,0
27,ダークドワーフ,42,5,27,45,32,20,8,6,やくそう,6,0,0,1,0,0,0,0,0,0,0,0,5,1,1,0,0,0,0,0,0,2,2,1,0,0,0,0,1,3,0,0,0,0,0
28,フーガ,41,0,39,44,26,20,7,6,すばやさのたね,6,0,0,0,0,0,0,0,0,2,0,0,4,0,0,0,0,0,0,0,1,1,2,3,3,0,0,0,1,3,0,0,0,0,0
29,ドラゴスライム,45,0,33,45,45,22,9,5,布の服,7,0,1,0,0,1,0,0,0,0,0,0,5,1,1,0,0,0,0,0,1,1,1,3,3,1,0,0,0,3,1,0,0,0,0
30,どろにんぎょう,50,0,23,40,19,22,4,5,布の服,6,0,0,0,0,0,0,0,0,0,0,0,5,0,0,0,0,0,0,0,0,1,1,3,3,1,0,0,0,0,0,0,0,0,0
31,ジャガーメイジ,43,15,41,38,51,23,12,6,まほうのせいすい,7,0,0,0,0,0,0,0,0,0,0,0,4,0,0,0,1,0,0,0,1,1,0,1,0,1,0,0,1,3,0,0,0,0,0
32,なし,30000,100,10,10,10,10,10,0,なし,7,0,0,0,0,0,0,0,0,0,0,0,0,0,0,0,0,0,0,0,0,0,0,0,0,0,0,0,0,0,0,0,0,0,0
33,首狩りぞく,48,0,33,54,40,21,10,5,こんぼう,7,0,0,0,0,0,0,0,0,1,0,0,4,0,0,0,0,0,0,1,1,1,2,3,3,1,0,0,1,3,0,0,0,0,0
34,ブチュチュンパ,52,0,27,40,30,22,8,4,やくそう,7,0,0,0,0,0,0,0,0,0,0,0,5,0,0,0,0,0,0,1,1,1,1,3,3,0,0,0,0,3,0,0,0,0,0
35,ゾンビーアイ,45,0,18,45,18,20,6,5,うつくし草,7,0,0,0,0,0,0,0,0,0,0,0,5,0,0,0,0,0,0,1,1,1,0,3,3,0,0,0,1,3,0,0,0,0,0
36,スライムナイト,70,10,38,53,55,25,15,4,どうのつるぎ,8,0,0,0,0,1,0,0,0,0,0,0,6,0,0,0,0,0,0,2,1,2,2,1,1,0,0,0,1,3,0,0,0,0,0
37,さそりアーマー,49,0,19,50,70,24,9,6,まもりのたね,9,0,0,0,0,0,0,0,0,0,0,0,4,1,0,0,0,0,0,2,2,2,3,3,3,1,0,0,0,3,0,0,0,0,0
38,ひとくいばこ,110,30,40,65,50,65,100,4,ちからのたね,9,0,0,0,0,0,0,0,0,2,0,0,6,1,1,1,1,1,0,3,3,3,3,3,2,3,0,0,3,3,0,0,0,0,0
39,バブリン,61,15,28,52,30,23,10,4,布の服,8,0,0,0,1,0,0,0,0,1,0,0,4,0,0,0,0,0,0,0,0,3,1,1,1,2,0,0,0,3,0,0,0,0,0
40,リビングハンマー,55,0,45,60,65,25,16,5,とがったホネ,9,0,0,0,0,0,0,0,0,1,0,0,3,0,0,0,1,0,0,2,2,2,3,3,3,0,0,0,2,3,0,0,0,1,0
41,ブタあくま,66,7,35,55,49,24,13,4,皮のよろい,8,0,0,0,0,0,0,0,0,0,0,0,5,0,0,0,0,0,0,1,1,1,2,1,0,3,0,0,0,3,0,0,0,0,0
42,さそりカマキリ,49,0,40,59,50,23,11,5,ブロンズナイフ,9,0,0,0,0,0,1,0,0,0,0,0,4,0,0,0,0,0,0,0,3,2,3,3,3,1,0,0,0,3,0,0,0,0,0
43,ストローマウス,52,0,37,50,48,22,9,4,皮のぼうし,8,0,0,0,0,0,0,0,0,2,0,0,4,0,0,0,0,0,0,1,1,2,3,3,3,0,0,0,1,3,0,0,0,0,0
44,突げきホーン,70,0,35,65,59,27,12,4,石のキバ,9,0,0,0,0,0,0,0,0,0,0,0,5,1,1,1,0,0,0,0,2,2,3,3,3,1,0,0,0,3,0,0,0,0,0
45,キメラ,61,0,40,73,69,29,18,4,キメラのつばさ,9,0,0,0,1,0,0,0,0,2,0,0,5,0,0,0,0,0,0,0,1,1,2,3,3,1,0,0,1,3,2,0,0,0,0
46,ポイズンバード,50,4,55,50,48,26,8,3,どくけし草,8,0,0,0,1,0,0,0,0,1,0,0,4,0,0,0,0,0,0,0,1,1,3,0,0,1,0,0,0,3,0,0,0,0,0
47,エイプバット,62,0,42,63,52,28,14,4,うまのふん,8,0,0,0,0,0,0,0,0,1,0,0,6,0,0,0,0,0,0,2,0,0,2,3,3,0,0,0,1,3,0,0,0,0,0
48,スモークポット,68,5,63,59,78,30,20,6,ふしぎなきのみ,10,0,0,0,0,0,0,0,0,0,0,0,3,2,2,2,1,1,0,0,0,3,0,0,0,1,0,0,0,3,0,0,0,0,0
49,アサシンクロー,69,0,60,70,58,31,15,4,アサシンダガー,10,0,0,0,0,0,0,0,0,1,0,0,4,0,0,0,0,0,0,1,1,2,3,3,3,0,0,0,0,3,0,0,0,0,0
50,ふゆうじゅ,85,6,43,58,55,30,18,7,命のきのみ,9,0,0,1,1,0,0,0,0,0,0,0,3,0,0,0,0,0,0,2,0,0,1,1,0,0,0,0,1,3,0,0,0,0,0
51,ハングドエイプ,78,0,78,62,67,28,20,4,こんぼう,9,0,0,0,0,0,0,0,0,0,0,0,4,0,0,0,0,0,0,0,1,1,2,3,3,0,0,0,1,3,0,0,0,0,0
52,なし,30000,100,10,10,10,10,10,0,なし,9,0,0,0,0,0,0,0,0,0,0,0,0,0,0,0,0,0,0,0,0,0,0,0,0,0,0,0,0,0,0,0,0,0,0
53,笑いぶくろ,70,10,65,58,75,50,50,4,布の服,11,0,0,0,0,0,0,0,0,3,0,0,5,0,0,0,0,0,0,3,3,3,1,1,1,1,0,0,2,0,0,0,0,1,2
54,ワータイガー,84,20,65,75,65,32,26,7,うさぎのしっぽ,10,0,0,0,0,0,0,0,0,1,0,0,4,0,0,0,0,0,0,1,1,2,2,0,0,2,0,0,1,3,0,0,0,0,1
55,なし,30000,100,10,10,10,10,10,0,なし,10,0,0,0,0,0,0,0,0,0,0,0,0,0,0,0,0,0,0,0,0,0,0,0,0,0,0,0,0,0,0,0,0,0,0
56,ダンスニードル,67,0,75,55,49,30,18,6,どくばり,10,0,0,0,0,0,0,0,0,0,0,0,4,0,0,0,0,0,0,0,2,3,3,3,3,0,0,0,2,0,0,0,0,2,0
57,サンダーラット,73,0,88,61,50,31,20,4,とんがりぼうし,10,0,0,0,0,0,0,0,0,0,0,0,4,0,0,0,0,0,0,3,2,1,3,3,3,1,0,0,0,3,0,0,0,0,1
58,メタルスライム,4,20,255,55,512,1000,65,6,まもりのたね,12,1,0,0,0,1,0,0,0,2,0,0,3,3,3,3,3,3,3,0,2,3,3,3,3,3,3,3,3,3,3,3,3,3,3
59,あくまのつぼ,100,35,88,63,90,120,180,5,おなべのフタ,15,0,0,1,0,0,0,0,1,2,0,0,4,0,0,0,1,3,0,0,2,3,1,3,3,2,0,0,2,3,0,0,0,0,3
60,木馬のきし,92,0,59,69,59,33,26,5,ステテコパンツ,11,0,0,0,0,0,0,0,0,0,0,0,4,0,0,0,0,0,0,0,1,3,3,3,3,2,0,0,2,3,0,0,0,3,0
61,スマイルロック,100,0,47,66,90,34,18,6,命の石,12,0,0,0,0,0,0,0,0,0,0,0,3,1,1,1,0,0,0,2,2,2,3,3,3,0,0,0,1,3,0,0,0,1,0
62,いどまねき,120,0,65,75,70,150,100,6,ちからのたね,20,0,0,0,0,0,0,0,0,1,0,0,6,0,0,0,0,0,0,2,3,3,3,3,3,3,0,0,2,3,0,0,0,3,2
63,タマゴロン,150,0,78,60,90,30,28,5,せいすい,17,0,0,0,0,0,0,0,0,0,0,0,4,0,0,0,0,0,0,0,1,2,3,3,3,2,0,0,1,3,0,0,0,1,1
64,キラーマンティス,64,0,85,74,70,33,17,4,まんげつ草,13,0,0,0,0,0,0,0,0,0,0,0,5,0,0,0,0,0,0,2,1,2,3,3,3,1,0,0,0,3,0,0,0,1,0
65,ドロヌーバ,130,20,40,68,40,35,15,4,うまのふん,13,0,0,1,0,0,0,0,0,0,0,0,4,0,0,0,0,0,0,3,0,2,0,0,0,0,0,0,0,3,0,0,0,0,0
66,きとうし,85,30,68,60,64,40,12,5,まほうのせいすい,13,0,0,0,0,0,0,0,0,0,0,0,4,1,1,1,0,0,0,0,3,3,3,0,0,1,0,0,0,3,0,0,0,2,0
67,ストーンマン,115,0,56,85,84,45,35,5,命の石,14,0,0,0,0,0,0,0,0,0,0,0,5,0,0,0,0,0,0,1,2,3,3,3,3,2,0,0,1,3,0,0,0,2,0
68,アイアンタートル,85,0,58,72,120,36,15,6,まもりのたね,14,0,0,0,0,0,0,0,0,0,0,0,5,1,0,0,0,0,0,1,3,2,2,3,3,2,0,0,1,3,0,0,0,2,1
69,ダンビラムーチョ,99,7,65,80,75,42,22,4,どうのつるぎ,14,0,0,0,0,0,0,0,0,1,0,0,5,0,0,0,0,0,0,1,2,3,2,1,0,2,0,0,1,3,0,0,0,1,1
70,ダッシュラン,105,0,80,78,61,38,15,6,すばやさのたね,15,0,0,0,0,0,0,0,0,2,0,0,4,0,0,0,0,0,0,1,1,3,2,3,3,0,0,0,1,3,0,0,0,0,1
71,なし,30000,100,10,10,10,10,10,0,なし,15,0,0,0,0,0,0,0,0,0,0,0,0,0,0,0,0,0,0,0,0,0,0,0,0,0,0,0,0,0,0,0,0,0,0
72,スカイフロッグ,72,0,58,69,52,35,14,4,たびびとの服,15,0,0,0,1,0,0,0,0,0,0,0,5,0,0,0,0,0,0,0,1,2,3,3,3,1,0,0,1,3,0,0,0,0,0
73,エンタシスマン,85,10,65,70,65,41,31,4,皮のよろい,15,0,0,0,0,0,0,0,0,0,0,0,4,2,2,1,0,0,0,1,3,3,1,1,0,2,0,0,2,0,0,0,0,3,1
74,あばれ足鳥,77,0,58,75,46,40,23,6,すばやさのたね,15,0,0,0,0,0,0,0,0,1,0,0,4,0,0,0,0,0,0,1,2,2,3,3,3,1,0,0,1,0,0,0,0,1,0
75,あまのじゃく,80,15,69,72,59,42,18,6,かしこさのたね,16,0,0,0,0,0,0,0,0,0,0,0,4,0,0,0,0,0,0,3,3,3,1,1,0,3,0,0,3,3,0,0,0,3,0
76,しにがみ兵,102,0,50,81,40,43,11,5,くさりかたびら,16,0,0,1,0,0,0,0,2,0,0,0,5,0,0,0,3,0,0,0,3,3,1,3,3,3,0,0,3,3,0,3,0,3,0
77,ヘルジャンパー,89,7,80,75,70,40,25,4,やくそう,16,0,0,0,0,0,0,0,0,2,0,0,4,0,0,0,0,0,0,1,1,2,3,1,0,0,0,0,1,3,0,0,0,1,0
78,ピンクオーク,85,6,61,70,63,45,31,6,ピンクパール,15,0,0,0,0,0,0,0,0,1,0,0,5,0,0,0,0,0,0,1,2,2,3,2,0,0,0,0,1,0,0,0,0,2,0
79,よろい竜,90,0,58,69,80,46,20,6,ブーメラン,17,0,1,0,0,0,0,0,0,0,0,0,4,2,2,2,2,1,0,1,2,3,3,3,3,1,0,0,1,0,0,0,0,2,1
80,あくまの書,64,6,61,80,55,58,40,6,命のきのみ,18,0,0,0,0,0,0,0,0,1,0,0,4,0,0,0,2,0,0,3,3,3,2,0,3,3,0,0,3,3,0,2,0,3,2
81,なし,30000,100,10,10,10,10,10,0,なし,18,0,0,0,0,0,0,0,0,0,0,0,0,0,0,0,0,0,0,0,0,0,0,0,0,0,0,0,0,0,0,0,0,0,0
82,キラーストーカー,80,0,48,75,62,42,10,5,鉄のオノ,17,0,0,0,0,0,0,0,0,0,0,0,3,0,0,0,2,1,0,1,2,2,3,3,3,2,0,0,1,0,0,0,0,1,0
83,グリーンドラゴン,160,0,67,89,70,50,32,4,鉄のたて,18,0,1,0,0,0,0,0,0,1,0,0,4,0,0,0,3,0,0,3,3,3,3,3,3,1,0,0,2,3,0,3,0,2,0
84,シャドーナイト,62,0,88,75,98,47,22,5,どうのつるぎ,18,0,0,1,0,0,0,0,0,2,0,0,4,0,0,0,2,0,0,1,3,3,1,3,3,2,2,0,1,3,0,3,0,2,2
85,プラズママウス,66,0,69,70,65,45,21,4,とんがりぼうし,17,0,0,0,0,0,0,0,0,1,0,0,5,0,0,0,0,0,3,1,1,2,3,3,3,0,0,0,1,3,0,0,0,2,1
86,ベホマスライム,68,50,47,60,50,40,23,4,やくそう,17,0,0,0,0,1,0,0,0,2,0,0,5,0,0,0,0,0,0,0,2,2,0,2,2,1,0,0,0,3,0,0,0,1,0
87,なし,30000,100,10,10,10,10,10,0,なし,17,0,0,0,0,0,0,0,0,0,0,0,0,0,0,0,0,0,0,0,0,0,0,0,0,0,0,0,0,0,0,0,0,0,0
88,まさかりぞく,76,0,71,80,67,43,25,4,鉄のオノ,18,0,0,0,0,0,0,0,2,1,0,0,4,0,0,0,0,0,0,1,3,2,3,3,3,1,1,0,1,0,0,0,0,1,0
89,ライノキング,76,0,61,85,80,49,42,4,石のキバ,18,0,0,0,0,0,0,0,0,1,0,0,5,0,0,0,1,1,0,1,2,3,3,3,3,1,0,0,2,3,0,0,0,1,0
90,なし,30000,100,10,10,10,10,10,0,なし,18,0,0,0,0,0,0,0,0,0,0,0,0,0,0,0,0,0,0,0,0,0,0,0,0,0,0,0,0,0,0,0,0,0,0
91,とかげどり,90,0,72,79,58,47,23,5,皮のぼうし,18,0,0,0,0,0,0,0,0,2,0,0,4,1,1,1,0,0,0,1,2,2,3,3,3,1,1,0,1,0,0,0,0,1,0
92,ベビーデビル,95,15,80,82,69,48,34,4,おなべのフタ,19,0,0,0,0,0,0,0,0,1,0,0,4,0,0,0,1,1,0,2,2,3,1,2,1,1,0,0,2,3,0,0,0,1,0
93,キングスライム,140,35,65,95,82,120,77,6,命のきのみ,20,0,0,0,0,1,0,0,0,0,0,0,4,1,1,1,1,2,0,2,1,3,3,2,1,3,2,1,1,3,1,1,0,1,2
94,りゅうき兵,77,0,78,92,72,50,32,4,鉄のやり,19,0,1,0,0,0,0,0,0,1,0,0,5,0,0,0,0,0,0,1,3,2,1,3,3,1,2,0,1,3,0,0,0,1,0
95,なし,265,35,85,135,78,200,115,0,なし,19,0,0,0,0,0,0,1,0,1,0,0,0,2,2,2,1,0,0,2,2,3,3,2,2,2,1,3,2,3,2,1,1,2,2
96,キラースター,110,8,90,91,115,51,47,5,ぎんのむねあて,19,0,0,0,0,0,0,0,0,0,0,0,4,0,0,0,0,1,0,3,3,2,2,1,1,1,1,0,1,3,0,0,0,1,1
97,やみのとうぞく,130,0,65,79,78,40,18,4,布の服,19,0,0,0,0,0,0,0,0,0,0,0,3,0,0,0,2,0,0,0,0,1,1,3,3,2,0,0,1,3,0,0,0,2,0
98,レッドスコーピオン,98,0,80,85,95,53,23,5,鉄かぶと,20,0,0,0,0,0,0,0,0,1,0,0,4,2,2,2,0,2,0,2,2,2,3,3,3,1,0,1,1,3,0,0,0,1,0
99,どくどくゾンビ,120,0,45,80,48,45,10,3,どくけし草,20,0,0,1,0,0,0,0,0,0,0,0,3,0,0,0,3,0,0,1,3,2,1,3,3,0,0,3,2,3,0,2,0,2,0
100,メタルライダー,104,12,110,87,135,230,40,3,どうのつるぎ,21,0,0,0,0,1,0,0,0,1,0,0,5,2,2,2,2,2,0,2,3,3,3,1,1,1,2,3,2,3,2,2,2,2,2
101,ネイルビースト,112,0,77,92,70,57,18,4,鉄のツメ,21,0,0,0,0,0,0,0,0,0,0,0,4,1,1,1,2,0,0,2,3,3,3,3,3,2,0,2,3,3,0,0,1,3,0
102,フォレストガード,109,0,65,84,72,55,32,5,せいどうのよろい,22,0,0,0,1,0,0,0,0,2,0,0,4,0,0,0,0,0,0,0,2,0,0,0,0,0,0,2,1,3,0,0,0,1,0
103,なし,30000,100,10,10,10,10,10,0,なし,22,0,0,0,0,0,0,0,0,0,0,0,0,0,0,0,0,0,0,0,0,0,0,0,0,0,0,0,0,0,0,0,0,0,0
104,レッサーデーモン,110,0,59,86,65,59,35,5,ステテコパンツ,22,0,0,1,0,0,0,0,0,1,0,0,5,0,0,0,0,0,0,1,2,1,0,3,3,1,2,2,1,3,0,0,0,1,0
105,ワンダーエッグ,180,20,83,80,100,62,28,6,ふしぎなきのみ,23,0,0,0,0,0,0,0,0,0,0,0,3,2,2,2,2,2,1,1,2,3,3,1,0,3,0,3,3,3,1,1,2,2,3
106,ポンコツ兵,135,0,69,83,69,60,25,5,鉄のオノ,22,0,0,0,0,0,0,0,0,1,0,0,4,0,0,0,0,0,0,3,3,3,3,3,3,3,0,1,3,3,0,0,1,3,0
107,スライムブレス,150,0,75,79,78,64,50,5,スライムの服,23,0,0,0,1,1,0,0,0,1,0,0,3,1,1,1,0,0,0,2,2,3,2,3,3,1,0,3,2,3,2,0,1,1,1
108,メイジキメラ,95,15,77,87,77,65,51,4,キメラのつばさ,23,0,0,0,1,0,0,0,0,1,0,0,5,2,2,2,0,0,0,2,2,2,3,1,1,3,0,2,2,3,0,0,0,2,1
109,ドンガンバ,97,0,63,90,62,61,48,5,鉄のよろい,22,0,0,0,0,0,0,0,0,1,0,0,4,0,0,0,0,0,0,1,1,2,2,3,3,1,0,1,2,3,0,0,0,1,0
110,イノブタマン,200,0,60,88,71,58,39,3,こんぼう,22,0,0,0,0,0,0,0,0,1,0,0,4,0,0,0,0,0,0,1,1,2,3,3,3,2,0,3,2,3,0,0,0,1,0
111,スノーバット,120,8,70,92,88,66,31,5,皮のドレス,23,0,0,0,0,0,0,0,0,1,0,0,4,0,0,0,3,1,0,1,1,2,3,3,1,0,0,2,3,3,0,3,0,2,0
112,デビルアーマー,110,0,67,100,97,68,52,5,鉄のよろい,23,0,0,0,0,0,0,0,0,1,0,0,4,1,1,1,0,1,0,2,2,3,3,3,3,3,0,1,3,3,1,1,2,3,2
113,マジックリップス,108,0,89,85,65,60,20,6,うつくし草,22,0,0,0,0,0,0,0,0,1,0,0,5,0,0,0,0,0,0,1,1,1,2,3,3,1,0,3,2,3,0,0,1,1,1
114,スモールテッド,122,9,71,90,7,70,48,5,ターバン,23,0,0,0,0,0,0,0,0,1,0,0,5,2,2,2,2,2,0,2,3,3,1,2,1,1,0,2,2,3,0,0,1,2,0
115,バーサーカー,140,0,74,105,72,72,32,4,くさりがま,24,0,0,0,0,0,0,0,0,1,0,0,4,0,0,0,1,1,0,1,1,2,3,3,3,0,0,1,3,3,0,0,0,1,0
116,ベンガルクーン,170,20,89,95,88,78,28,4,毛皮のマント,24,0,0,0,0,0,0,0,0,1,0,0,4,0,0,1,2,0,0,2,2,3,2,2,1,2,0,2,2,3,0,0,1,1,0
117,ブガッティ,190,0,65,110,70,75,61,6,カメのこうら,24,0,0,0,0,0,0,0,0,1,0,0,4,0,0,1,1,0,0,2,1,2,1,3,3,0,0,2,2,3,0,0,1,1,0
118,なし,30000,100,10,10,10,10,10,0,なし,24,0,0,0,0,0,0,0,0,0,0,0,0,0,0,0,0,0,0,0,0,0,0,0,0,0,0,0,0,0,0,0,0,0,0
119,キングムーチョ,160,12,75,95,84,74,62,4,皮のこしまき,24,0,0,0,0,0,0,0,0,1,0,0,5,0,0,0,0,2,0,2,3,3,3,2,2,2,0,3,2,3,0,0,2,2,0
120,グロン,140,6,55,99,40,71,25,4,ヘアバンド,24,0,0,1,0,0,0,0,0,0,0,0,3,0,0,3,0,2,0,2,3,1,1,3,2,0,0,3,3,3,0,0,0,1,0
121,パペットマン,130,8,73,90,88,65,32,4,木のぼうし,24,0,0,0,0,0,0,0,0,2,0,0,4,1,1,1,1,1,1,1,2,2,1,0,3,3,0,1,3,0,0,0,0,1,0
122,いどまじん,210,20,61,120,75,250,67,5,きぞくの服,30,0,0,0,0,0,0,0,0,0,0,0,5,0,0,0,0,0,0,3,3,3,3,2,1,3,0,2,2,3,1,1,1,3,1
123,ウイングタイガー,185,12,82,110,68,80,40,5,皮のこしまき,25,0,0,0,0,0,0,0,0,1,0,0,4,0,0,1,2,0,0,3,1,2,3,2,2,0,0,1,2,3,0,0,0,1,0
124,オーガソルジャー,180,0,75,115,80,82,50,4,くさりがま,25,0,0,0,0,0,0,0,0,1,0,0,4,0,0,0,0,0,0,0,2,1,0,0,0,0,0,2,1,0,0,0,0,1,0
125,チョッキンガー,140,0,65,105,115,81,45,6,おおばさみ,26,0,0,0,0,0,0,0,0,1,0,0,5,1,1,1,1,2,0,3,2,2,2,3,3,0,0,3,1,3,1,1,0,1,0
126,なし,30000,100,10,10,10,10,10,0,なし,26,0,0,0,0,0,0,0,0,0,0,0,0,0,0,0,0,0,0,0,0,0,0,0,0,0,0,0,0,0,0,0,0,0,0
127,プヨンターゲット,130,8,79,95,62,79,35,5,ぎんのむねあて,26,0,0,0,1,0,0,0,0,2,0,0,4,0,0,0,0,0,0,3,1,3,2,1,1,2,0,1,3,0,0,0,3,1,2
128,ブッチョマン,150,5,81,100,78,83,57,4,鉄のオノ,27,0,0,0,0,0,0,0,0,0,0,0,4,0,0,0,0,0,0,1,2,1,3,1,1,0,0,2,2,3,0,2,0,1,0
129,ウッディアイ,160,10,53,105,65,84,45,6,ふしぎなきのみ,27,0,0,0,1,0,0,0,0,0,0,0,3,0,0,0,3,2,3,1,3,2,1,2,0,3,0,2,2,3,0,0,0,2,0
130,ウルフデビル,140,8,95,117,85,86,60,5,アサシンダガー,27,0,0,0,0,0,0,0,0,1,0,0,4,0,0,0,0,0,0,2,2,3,3,3,1,1,0,1,0,3,0,0,0,3,0
131,おどる宝石,200,10,105,99,80,90,350,5,ピンクパール,30,0,0,0,0,0,0,0,0,2,0,0,3,1,1,1,1,1,0,3,3,3,3,2,0,3,0,3,3,1,2,2,1,3,3
132,じごくのピエロ,180,10,92,108,77,88,66,4,シルクハット,28,0,0,0,0,0,0,0,0,0,0,0,3,0,0,0,2,3,0,2,1,2,3,3,1,2,0,2,1,3,1,1,0,2,1
133,テラノライナー,230,0,105,125,90,90,80,6,すばやさのたね,28,0,1,0,0,0,0,0,0,1,0,0,4,0,0,0,0,1,0,2,1,2,3,3,3,1,1,1,1,3,1,0,1,1,0
134,はぐれメタル,6,50,255,90,999,10500,20,6,しあわせのくつ,30,1,0,0,0,1,0,0,0,0,0,0,4,3,3,3,3,3,3,3,3,3,2,3,3,3,3,3,3,3,3,3,3,3,3
135,レノファイター,280,0,86,118,100,92,70,5,毛皮のマント,28,0,0,0,0,0,0,0,0,0,0,0,4,0,0,0,1,0,0,1,2,2,3,3,3,2,1,1,3,3,0,1,1,1,0
136,ヘルバイパー,120,0,68,110,80,94,65,5,どくがのナイフ,29,0,0,0,0,0,0,0,0,0,0,0,3,0,0,0,0,0,0,1,2,3,3,3,3,1,0,3,1,3,0,0,0,2,0
137,ジェリーマン,330,10,70,99,60,105,100,4,シルバートレイ,30,0,0,0,0,0,0,0,0,0,0,0,4,0,0,0,2,3,0,2,2,3,3,2,2,2,1,0,3,3,0,0,0,1,0
138,なし,30000,100,10,10,10,10,10,0,なし,30,0,0,0,0,0,0,0,0,0,0,0,0,0,0,0,0,0,0,0,0,0,0,0,0,0,0,0,0,0,0,0,0,0,0
139,ばくだん岩,200,20,55,105,120,80,50,4,命の石,28,0,0,0,0,0,0,0,0,0,0,0,5,1,1,0,1,2,0,2,1,3,2,2,2,1,1,3,3,3,1,1,0,3,1
140,ファイヤーケロッグ,155,0,67,95,87,85,42,4,ターバン,29,0,0,0,0,0,0,0,0,1,0,0,4,1,1,0,0,0,0,1,2,2,3,3,3,1,0,3,1,3,2,0,0,1,0
141,プロトキラー,190,0,58,89,85,95,58,5,バトルアックス,30,0,0,0,0,0,0,0,2,0,0,0,4,1,0,2,1,0,0,1,3,3,3,3,3,1,1,3,2,3,1,1,0,3,0
142,あくま神官,185,200,72,103,92,110,110,4,いかずちの杖,31,0,0,0,0,0,0,0,0,1,0,0,3,1,2,3,1,1,0,1,2,3,3,3,2,3,1,2,3,3,0,0,2,3,1
143,ファイヤーキッズ,155,25,83,99,72,100,52,4,キトンシールド,30,0,0,0,1,0,0,0,0,0,0,0,4,1,2,2,0,0,0,2,2,3,3,2,1,1,0,0,2,3,3,0,1,2,0
144,ミミック,250,15,90,135,100,210,130,6,ちからのたね,32,0,0,0,0,0,1,0,0,1,0,0,5,1,1,1,1,1,1,3,3,3,3,1,2,3,1,2,3,3,0,0,2,2,3
145,オークデビル,210,0,65,119,90,88,66,5,鉄のよろい,32,0,0,0,0,0,0,0,0,0,0,0,3,0,0,1,2,0,0,1,1,2,3,3,3,1,1,0,2,3,1,0,1,2,0
146,シープダック,180,0,82,108,62,90,77,6,すばやさのたね,30,0,0,0,0,0,0,0,0,1,0,0,4,0,0,0,3,1,0,1,2,2,3,3,3,2,0,1,0,3,0,2,0,1,0
147,のろいのランプ,210,8,100,140,107,87,120,6,かしこさのたね,33,0,0,0,0,0,0,0,0,1,0,0,5,1,1,1,1,2,0,1,3,3,2,2,1,2,2,2,2,3,2,2,3,3,2
148,首長竜,200,80,70,126,93,115,80,5,皮のムチ,33,0,1,0,0,0,0,0,0,0,0,0,4,0,0,1,2,0,0,2,2,3,3,1,1,1,0,2,1,3,2,2,0,2,1
149,スライムベホマズン,230,200,48,110,77,120,85,5,せかいじゅのしずく,30,0,0,0,0,1,0,0,0,0,0,0,5,1,1,1,1,1,1,1,2,3,3,3,2,3,0,0,2,3,0,0,1,2,0
150,ゴールドマン,255,0,54,130,120,80,650,5,金のブレスレット,29,0,0,0,0,0,0,0,0,0,0,0,3,0,0,2,2,2,0,2,1,2,3,3,3,2,0,3,3,3,1,1,1,3,1
151,ピグモンエビル,205,0,68,103,90,1018,58,4,皮のこしまき,30,0,0,0,0,0,0,0,0,1,0,0,4,0,0,0,2,0,0,1,1,3,3,3,3,1,1,1,2,3,0,0,0,1,0
152,サンドワーム,180,0,74,107,71,96,37,4,カメのこうら,29,0,0,0,0,0,0,0,0,0,0,0,4,0,0,0,1,0,1,2,2,1,3,3,3,1,0,2,3,3,0,0,2,1,0
153,ツボック,250,30,91,125,99,250,110,6,まもりのたね,31,0,0,0,0,0,1,0,0,1,0,0,5,1,1,1,1,2,0,2,2,3,3,1,1,3,1,2,2,3,0,0,1,2,2
154,じごくの番人,190,0,70,112,87,110,80,4,毛皮のマント,32,0,0,0,0,0,0,0,0,0,0,0,3,0,0,0,2,0,0,1,2,3,3,3,3,1,0,1,3,3,0,0,0,1,0
155,なし,630,10,91,160,300,450,158,0,なし,32,0,0,0,0,0,1,0,0,2,0,0,0,2,2,3,3,2,2,1,3,3,3,2,3,2,0,3,2,3,2,2,2,3,2
156,マグマロン,250,20,43,118,65,125,82,6,まもりのたね,33,0,0,0,0,0,0,0,0,0,0,0,4,3,3,3,0,0,0,1,1,2,1,2,1,1,0,3,2,3,3,0,0,2,0
157,マージインプ,210,35,53,105,70,120,60,5,おなべのフタ,33,0,0,0,0,0,0,0,0,1,0,0,4,0,0,0,1,1,0,2,2,3,1,2,1,1,0,1,2,3,0,0,0,2,0
158,ミステリピラー,190,16,69,116,87,123,95,6,ダンシングメイル,33,0,0,0,0,0,0,0,3,1,0,0,3,0,0,0,2,3,0,3,1,3,2,0,2,1,2,0,2,0,1,1,2,2,0
159,ダークパンサー,210,21,85,127,92,130,83,5,はがねのキバ,34,0,0,0,0,0,0,0,0,1,0,0,5,0,0,0,0,0,0,2,1,2,3,3,1,2,0,1,2,3,0,0,1,1,0
160,リザードマン,190,18,97,125,98,128,90,4,はがねのつるぎ,34,0,1,0,0,0,0,0,0,1,0,0,5,0,0,0,0,0,0,0,0,3,0,0,0,0,0,2,3,3,0,0,0,1,0
161,呪いのボトル,245,16,80,120,120,135,103,6,かしこさのたね,33,0,0,0,0,0,1,0,0,2,0,0,4,0,0,1,3,0,0,2,2,3,2,2,1,2,0,2,3,3,0,0,3,3,2
162,ベビークラウド,188,26,94,103,85,105,65,4,皮のぼうし,32,0,0,0,1,0,0,0,0,0,0,0,4,0,1,1,0,0,2,1,2,2,3,3,1,2,0,0,2,3,0,0,0,2,1
163,くもの大王,310,30,75,150,109,170,120,5,きぞくの服,36,0,0,0,1,0,0,0,0,1,0,0,3,0,0,0,0,1,2,2,3,3,3,3,3,2,0,3,3,3,0,0,2,3,2
164,フーガベッサム,230,0,99,121,82,125,88,4,かいぞくの服,33,0,0,0,0,0,0,0,0,1,0,0,4,0,0,0,2,0,3,0,1,2,3,3,3,1,0,1,2,0,0,0,1,2,0
165,ダークアーマー,200,20,78,132,130,130,92,5,はがねのよろい,34,0,0,1,0,0,0,0,0,0,0,0,4,0,1,2,2,0,0,1,3,3,1,2,1,3,0,3,3,3,1,1,2,3,1
166,アンクルホーン,285,35,70,135,100,140,104,6,命のきのみ,35,0,0,0,0,0,0,0,0,0,0,0,5,0,0,0,3,3,0,1,3,3,3,3,2,3,0,2,3,3,0,0,1,3,0
167,リビングスタチュー,225,21,87,125,94,138,72,4,アサシンダガー,35,0,0,0,0,0,1,0,0,1,0,0,5,0,0,0,2,2,0,1,3,2,3,3,3,2,0,3,3,1,0,2,1,3,1
168,ゴールデンスライム,350,18,85,122,120,350,3000,6,命のゆびわ,37,0,0,0,0,1,0,0,0,0,0,0,3,1,1,1,2,3,1,2,3,3,3,3,2,2,1,3,2,3,2,2,2,3,2
169,ヘルジュラシック,330,0,93,130,91,141,93,6,すばやさのたね,36,0,1,0,0,0,0,0,0,1,0,0,4,0,1,2,0,2,0,1,2,2,3,3,3,1,0,2,1,3,0,0,0,2,0
170,コスモファントム,310,30,105,128,100,147,107,5,はでな服,36,0,0,0,0,0,0,0,0,0,0,0,3,0,0,1,3,3,0,2,3,3,3,2,2,3,0,3,2,3,0,1,2,3,0
171,スカルブレード,180,0,98,133,79,138,62,5,ちからのゆびわ,35,0,0,1,0,0,0,0,0,0,0,0,4,0,0,0,3,2,0,1,3,2,3,3,3,3,0,3,0,1,0,0,0,3,0
172,ローズバトラー,380,5,81,132,85,160,101,5,ねむりの杖,37,0,0,0,0,0,0,0,0,0,0,0,5,0,0,1,0,3,0,2,3,3,3,3,3,3,0,3,3,3,0,0,2,3,1
173,ボーンライダー,280,30,77,129,79,155,93,4,鉄のやり,36,0,0,1,0,0,0,0,0,0,0,0,4,0,0,0,2,0,0,2,2,2,2,3,1,1,0,1,2,3,0,0,0,2,1
174,ウィングドラゴン,315,20,88,135,84,158,98,4,ドラゴンテイル,37,0,1,0,0,0,0,0,0,1,0,0,3,0,0,1,0,0,0,3,2,3,2,2,2,1,0,3,3,3,0,1,1,2,0
175,アイアンキッズ,220,0,94,122,105,142,82,5,シルバートレイ,35,0,1,0,0,0,0,0,0,0,0,0,4,0,1,2,3,1,0,1,2,2,3,3,3,2,0,3,1,3,0,2,0,2,0
176,エビルバイブル,262,33,95,140,91,163,43,6,かしこさのたね,36,0,0,0,0,0,0,0,0,2,0,0,5,0,0,0,0,0,0,2,2,3,2,3,2,3,0,2,3,3,0,0,1,1,2
177,マッドファルコン,310,30,105,145,99,170,100,5,月のおうぎ,40,0,0,0,0,0,0,0,0,1,0,0,4,0,0,0,0,0,0,1,2,3,3,3,1,3,0,2,3,3,0,0,0,3,1
178,フライングデビル,320,30,100,148,102,175,105,6,ちからのたね,40,0,0,0,0,0,0,0,0,2,0,0,5,0,0,1,2,0,0,1,2,3,3,3,1,3,0,1,3,3,0,0,2,3,0
179,シールドオーガ,250,0,64,139,150,180,120,4,こおりのたて,40,0,0,0,0,0,0,0,0,0,0,0,4,1,1,1,1,1,0,1,2,3,3,3,3,1,0,2,2,3,1,1,0,1,2
180,ゾンビソルジャー,350,20,70,125,75,163,72,4,バトルアックス,37,0,0,1,0,0,0,0,0,0,0,0,4,0,0,0,3,0,0,1,3,2,1,3,1,2,0,3,2,3,0,2,0,1,0
181,デーモントード,220,0,72,130,85,160,90,5,スライムピアス,37,0,0,0,0,0,0,0,0,0,0,0,3,0,0,0,0,0,0,1,1,1,2,3,3,1,0,3,1,3,0,0,0,1,0
182,ブラッドハンド,185,50,112,125,60,141,50,7,メガザルのうでわ,36,0,0,1,0,0,0,0,0,0,0,0,3,0,0,0,0,0,0,0,1,3,2,3,1,2,0,2,2,3,0,0,0,3,0
183,ゴールドキッズ,215,0,105,135,105,155,210,6,金のブレスレット,37,0,1,0,1,0,0,0,0,1,0,0,4,1,1,1,1,2,0,1,2,2,3,3,3,1,0,3,2,3,0,0,2,2,1
184,サンダーサタン,259,0,91,142,100,180,95,5,いかずちの杖,38,0,0,0,0,0,0,0,0,0,0,0,4,0,0,0,1,1,3,1,1,2,2,3,3,1,0,2,1,3,0,2,0,1,0
185,スライムエンペラー,310,16,85,155,125,410,300,6,女神のゆびわ,38,0,0,0,0,1,0,0,0,0,0,0,4,0,0,0,0,1,0,0,3,3,3,3,1,3,0,3,3,3,0,0,0,2,3
186,まかいぐんし,345,50,94,150,108,175,95,5,ルーンスタッフ,39,0,0,0,0,0,0,0,0,0,0,0,3,0,1,2,0,1,0,2,2,3,3,2,2,3,0,0,3,3,0,0,3,3,1
187,鉄球まじん,325,0,85,160,85,180,80,4,皮のこしまき,39,0,0,0,0,0,0,0,0,0,0,0,4,0,0,1,0,2,0,1,3,3,3,3,3,2,0,2,2,3,0,0,1,3,0
188,ジェネラルダンテ,335,35,97,158,112,188,108,4,はでな服,39,0,0,0,0,0,0,0,0,1,0,0,3,0,2,2,2,0,0,3,3,3,3,3,2,2,0,2,3,3,0,0,2,2,1
189,ランプのまおう,350,0,88,170,105,200,117,5,きぞくの服,23,0,0,0,1,0,0,0,0,1,0,0,3,0,0,0,0,2,0,2,2,3,3,3,3,2,0,3,3,3,0,0,2,2,2
190,なし,30000,100,10,10,10,10,10,0,なし,23,0,0,0,0,0,0,0,0,0,0,0,0,0,0,0,0,0,0,0,0,0,0,0,0,0,0,0,0,0,0,0,0,0,0
191,ボアソルジャー,292,0,81,148,97,173,104,4,皮のこしまき,37,0,0,0,0,0,0,0,0,0,0,0,4,0,0,1,3,0,0,2,1,2,3,3,3,1,0,2,2,3,0,2,0,2,0
192,アンドレアル,358,0,84,165,102,190,119,4,ドラゴンテイル,39,0,1,0,0,0,0,0,0,0,0,0,5,0,2,2,1,0,0,2,1,3,3,3,3,1,0,3,3,3,0,3,1,2,0
193,どぐう戦士,330,50,80,158,120,182,120,4,どうのつるぎ,38,0,0,0,0,0,0,0,0,0,0,0,4,2,2,2,1,0,0,2,2,2,3,2,1,3,0,3,3,3,0,0,0,2,0
194,リビングデッド,338,0,59,148,68,173,93,6,命のきのみ,37,0,0,1,0,0,0,0,0,0,0,0,4,0,0,0,2,3,0,1,1,2,3,3,3,1,0,3,2,3,0,1,0,2,1
195,しびれスライム,240,0,76,130,70,160,58,4,かいがらぼうし,36,0,0,0,0,1,0,0,0,1,0,0,3,0,0,0,0,0,0,1,3,2,3,3,3,1,0,1,2,3,0,0,0,1,1
196,死神きぞく,365,37,97,162,120,205,72,5,きぞくの服,38,0,0,1,0,0,0,0,0,1,0,0,4,0,0,0,1,0,0,1,3,3,1,2,1,3,0,0,3,3,0,2,2,1,0
197,ゲリュオン,352,27,102,165,110,210,102,6,まじゅうのキバ,39,0,0,0,0,0,0,0,0,1,0,0,4,0,0,1,0,3,0,2,3,2,3,2,1,2,0,2,1,3,0,0,2,3,0
198,ケルベロス,274,0,110,163,120,218,111,6,まじゅうのキバ,37,0,0,1,0,0,0,0,0,2,0,0,3,0,0,0,0,0,0,1,2,2,1,3,3,1,0,2,3,3,0,0,2,2,0
199,ドラゴンヘビー,390,0,97,185,130,220,150,5,ドラゴンシールド,41,0,1,0,0,0,0,0,0,0,0,0,5,0,0,0,0,3,0,2,1,2,3,3,3,1,0,2,1,3,0,0,0,2,0
200,ビッグモアイ,350,0,80,190,160,230,140,4,命の石,41,0,0,0,0,0,0,0,0,0,0,0,4,1,2,3,3,0,0,3,2,3,3,3,3,2,0,2,1,3,0,0,0,2,0
201,まどう兵,310,50,99,182,120,235,132,5,ルーンスタッフ,41,0,0,0,0,0,0,0,1,1,0,0,4,0,0,0,2,0,0,1,1,2,3,2,1,1,0,1,3,3,0,1,0,1,1
202,メタルキング,20,60,255,169,999,33000,100,6,しあわせのくつ,45,1,0,0,0,1,0,0,0,1,0,0,4,3,3,3,3,3,3,3,3,3,3,3,3,3,3,3,2,3,3,3,3,3,3
203,ギガミュータント,400,0,92,205,110,240,125,4,はがねのキバ,42,0,0,0,1,0,0,0,0,0,0,0,4,0,0,0,2,3,0,1,2,3,3,3,3,1,0,2,1,3,0,0,0,2,0
204,グレイトホーン,355,50,95,185,135,242,1510,5,ちからのゆびわ,42,0,0,0,0,0,0,0,0,1,0,0,4,0,0,0,0,3,0,3,3,3,3,2,1,3,1,0,3,3,0,0,2,3,0
205,デーモンレスラー,375,70,105,188,120,250,142,6,ちからのたね,43,0,0,0,0,0,0,0,0,1,0,0,3,0,0,1,1,1,0,2,3,3,3,2,2,1,1,2,2,3,0,0,1,2,0
206,メダパニシックル,280,15,110,160,82,180,70,4,まんげつ草,40,0,0,0,0,0,0,0,0,1,0,0,5,0,0,0,0,0,0,1,2,2,3,3,2,3,0,1,2,3,0,0,0,1,1
207,マジックアーマー,315,20,95,175,200,215,138,5,まほうのよろい,41,0,0,0,0,0,0,0,0,0,0,0,4,2,2,2,2,2,1,2,3,3,3,3,1,2,0,2,3,3,1,1,0,3,2
208,ヌーデビル,360,50,83,180,135,235,121,4,こおりのやいば,42,0,0,0,0,0,0,0,0,0,0,0,5,0,0,0,0,2,0,1,2,2,3,2,2,2,0,1,2,3,0,0,0,1,0
209,じごくの番犬,300,0,123,175,130,195,95,4,はがねのキバ,42,0,0,1,0,0,0,0,0,2,0,0,5,0,0,0,2,0,0,2,2,2,3,3,3,3,0,2,2,3,0,0,0,3,1
210,ドラグナー,420,0,88,190,140,227,103,5,キラーピアス,43,0,1,0,0,0,0,0,0,0,0,0,4,0,0,1,0,1,0,1,1,3,3,3,3,2,1,2,2,3,0,0,0,3,0
211,ホールファントム,450,33,97,205,111,510,162,4,風神のたて,47,0,0,0,0,0,1,0,0,1,0,0,6,0,0,0,0,0,0,2,2,3,3,2,1,3,0,0,2,3,0,0,1,3,2
212,ヘルビースト,313,0,99,172,135,222,122,5,パワーナックル,43,0,0,0,0,0,0,0,0,0,0,0,4,0,0,0,2,1,0,3,3,2,3,3,3,3,0,1,3,0,0,0,0,3,0
213,なし,30000,100,10,10,10,10,10,0,なし,43,0,0,0,0,0,0,0,0,0,0,0,0,0,0,0,0,0,0,0,0,0,0,0,0,0,0,0,0,0,0,0,0,0,0
214,ダークビショップ,380,90,99,172,147,257,148,5,マグマの杖,44,0,0,0,0,0,0,0,0,1,0,0,3,1,1,1,1,1,0,1,2,3,3,2,2,3,0,3,3,3,1,1,2,3,1
215,モシャスナイト,315,100,105,181,150,268,92,4,はじゃのつるぎ,44,0,0,0,0,0,0,0,0,2,0,0,4,0,0,0,1,0,0,2,3,3,3,3,2,3,0,3,3,3,0,0,2,3,2
216,ドラゴンコープス,456,0,63,193,92,280,73,6,命のきのみ,44,0,1,1,0,0,0,0,2,0,0,0,4,0,0,0,2,3,0,2,3,3,3,3,3,3,0,3,2,3,0,0,0,3,0
217,メガザルロック,411,50,78,182,130,262,107,6,メガザルのうでわ,44,0,0,0,0,0,0,0,0,0,0,0,5,1,1,1,1,1,0,2,2,3,3,2,2,3,1,0,3,3,0,0,0,3,1
218,にじくじゃく,456,120,95,200,150,300,155,4,月のおうぎ,45,0,0,0,1,0,0,0,0,0,0,0,4,0,2,2,0,0,0,2,3,3,3,2,1,3,0,3,3,3,0,0,1,3,1
219,呪いのつるぎ,283,0,107,210,160,266,133,6,もろはのつるぎ,43,0,0,1,0,0,0,0,2,2,0,0,4,0,0,0,0,0,3,2,3,2,3,3,3,2,0,3,3,3,0,0,1,3,1
220,ホラーウォーカー,325,50,92,179,117,248,124,5,パーティドレス,42,0,0,0,0,0,0,0,0,0,0,0,4,0,0,0,0,0,3,3,2,3,3,2,1,2,0,3,2,3,0,0,0,3,0
221,ランガー,380,20,125,200,160,297,160,5,ドラゴンクロウ,46,0,0,0,1,0,1,0,0,1,0,0,3,0,0,1,2,1,0,2,3,2,3,3,1,2,0,2,3,3,0,0,1,2,1
222,こうてつまじん,300,30,92,230,150,290,155,6,ちからのたね,46,0,0,0,0,0,0,0,0,0,0,0,4,1,1,1,2,2,0,1,2,3,3,2,1,2,1,3,2,3,1,1,0,3,0
223,ヘルバトラー,410,70,100,210,145,300,175,5,さばきの杖,47,0,0,0,0,0,0,0,0,0,0,0,5,0,0,2,0,1,0,3,3,3,3,3,2,3,1,2,2,3,0,0,2,3,0
224,オーガキング,360,0,115,195,135,270,200,6,オーガシールド,47,0,0,0,0,0,0,0,0,0,0,0,4,0,0,0,2,3,0,1,3,3,3,3,3,3,1,2,3,3,1,1,1,2,0
225,ケベナヒモス,385,50,122,185,120,295,110,5,まじゅうのツメ,48,0,1,0,0,0,0,0,0,1,0,0,4,1,1,1,1,3,0,1,2,2,1,3,2,0,1,3,3,3,0,0,0,1,0
226,デスクリーチャー,280,42,78,182,130,230,70,6,命のきのみ,46,0,0,1,0,0,0,0,3,1,0,0,5,0,0,0,0,1,0,2,1,2,1,3,3,2,0,1,3,3,0,0,1,2,0
227,なし,30000,100,10,10,10,10,10,0,なし,46,0,0,0,0,0,0,0,0,0,0,0,0,0,0,0,0,0,0,0,0,0,0,0,0,0,0,0,0,0,0,0,0,0,0
228,ナイトリッチ,420,0,92,220,200,400,140,5,はめつのたて,47,0,0,1,0,0,0,0,0,1,0,0,3,0,0,0,2,0,0,3,3,3,2,3,2,3,1,3,3,3,0,2,3,3,0
229,コロヒーロー,45,13,20,38,30,25,25,4,やくそう,9,0,0,0,0,0,0,0,0,1,0,0,5,0,0,0,0,0,0,1,1,1,3,2,1,1,0,0,1,3,0,0,0,1,0
230,コロマージ,32,19,23,22,27,23,18,4,まだらくも糸,9,0,0,0,0,0,0,0,0,1,0,0,5,0,0,0,0,0,0,0,1,1,3,2,1,1,0,0,2,3,0,0,0,1,0
231,コロファイター,50,0,17,43,35,24,9,4,どくけし草,9,0,0,0,0,0,0,0,0,1,0,0,5,0,0,0,0,0,0,1,1,1,3,3,3,1,0,0,0,3,0,0,0,1,0
232,コロプリースト,37,19,19,30,33,22,12,4,せいすい,9,0,0,0,0,0,0,0,0,1,0,0,5,0,0,0,0,0,0,0,1,2,3,2,2,1,0,0,1,3,0,0,0,1,0
233,プチヒーロー,150,19,38,75,60,72,50,5,せかいじゅのしずく,26,0,0,0,0,0,0,0,0,1,0,0,4,0,0,0,0,0,0,0,1,2,3,2,1,1,0,0,1,3,0,0,0,2,0
234,プチマージ,120,22,45,55,40,68,40,5,まほうのせいすい,26,0,0,0,0,0,0,0,0,1,0,0,4,0,0,0,0,0,0,0,1,2,3,2,2,1,0,0,2,3,0,0,0,2,0
235,プチファイター,180,0,30,85,65,70,22,6,ちからのたね,26,0,0,0,0,0,0,0,0,1,0,0,4,0,0,0,0,0,0,0,1,2,3,3,3,1,0,0,0,3,0,0,0,2,0
236,プチプリースト,140,19,41,68,50,75,33,5,せかいじゅの葉,26,0,0,0,0,0,0,0,0,1,0,0,4,0,0,0,0,0,0,0,1,3,3,3,2,1,0,0,1,3,0,0,0,2,0
237,つのうしがい,32,4,8,20,21,12,8,4,やくそう,7,0,0,0,0,0,0,0,0,0,0,0,4,0,0,0,0,1,0,0,1,0,2,1,0,0,0,0,0,3,0,0,0,0,0
238,ベビーニュート,85,0,27,71,48,62,32,4,やくそう,24,0,1,0,0,0,0,0,0,1,0,0,4,0,0,0,0,0,0,1,2,2,3,3,3,1,1,0,1,3,1,1,0,2,0
239,メラリザード,49,20,20,40,32,30,20,4,やくそう,11,0,1,0,0,0,0,0,0,1,0,0,4,0,0,0,0,0,0,1,1,2,3,3,1,0,0,0,0,3,1,0,0,1,0
240,ドラゴンキッズ,140,0,35,101,65,124,73,5,キトンシールド,33,0,1,0,0,0,0,0,0,1,0,0,5,0,0,0,0,0,0,1,2,2,3,3,3,2,1,0,2,3,2,2,0,3,0
241,ギガントドラゴン,520,50,82,220,130,330,130,5,まじんのよろい,48,0,1,0,0,0,0,0,0,0,0,0,3,0,1,2,0,2,0,2,2,2,3,2,2,2,1,3,2,3,1,0,0,3,0
242,ネクロバルサ,440,65,102,203,135,310,142,4,なげきのたて,49,0,0,0,0,0,0,0,0,1,0,0,3,0,0,0,1,1,2,2,3,3,3,2,1,3,1,2,3,3,0,0,0,2,2
243,まかいじゅう,560,36,77,227,130,360,82,5,まじゅうのツメ,49,0,0,0,0,0,0,0,0,0,0,0,4,0,0,0,2,0,0,1,1,2,2,2,2,1,0,3,2,3,0,0,0,2,0
244,だいまどう,450,100,110,215,141,410,150,6,しゅくふくの杖,50,0,0,0,0,0,0,0,0,1,0,0,3,2,2,2,2,2,0,1,3,3,3,1,2,3,1,3,3,3,0,0,0,3,2
245,スライムLv８,120,100,30,58,35,150,50,7,やくそう,10,0,0,0,0,0,0,0,0,0,0,0,4,0,0,0,0,0,0,1,1,1,1,1,3,1,0,0,1,3,0,0,0,1,0
246,メタルスライムＳ,8,100,255,70,500,1050,120,7,やくそう,10,0,0,0,0,0,0,0,0,0,0,0,4,3,3,3,3,3,3,3,3,3,3,3,3,3,3,3,3,3,3,3,3,3,3
247,バーバリアン,370,0,99,200,121,280,92,6,まじんのオノ,47,0,0,0,0,0,0,0,0,2,0,0,5,0,0,0,0,0,0,2,2,3,3,3,3,2,0,0,2,1,0,0,0,2,0
248,デスカイザー,520,50,120,220,123,340,118,6,ふぶきのつるぎ,51,0,0,0,0,0,0,0,0,0,0,0,4,0,1,2,2,2,0,3,3,3,3,3,3,2,0,3,3,3,0,0,1,3,1
249,ブラックサンタ,350,0,107,190,90,200,125,6,やみのころも,42,0,0,0,0,0,0,0,1,1,0,0,3,0,0,0,0,1,2,1,2,2,3,3,3,2,0,2,1,3,0,0,0,2,0
250,デッドドラグナー,580,0,92,225,115,450,165,6,ちからのたて,52,0,1,0,0,0,0,0,0,1,0,0,3,0,1,0,2,3,0,2,2,3,3,3,3,2,1,2,3,3,0,0,0,3,0
251,サタンメイル,420,0,118,238,170,420,140,5,プラチナメイル,50,0,0,0,0,0,1,0,0,1,1,1,4,0,0,0,0,2,0,2,2,3,3,3,3,2,0,3,3,3,0,0,0,2,2
252,ブドゥのランプ,530,0,135,190,165,380,210,6,かしこさのたね,43,0,0,0,0,0,0,0,0,2,0,0,4,1,1,1,1,1,0,2,3,3,3,3,3,3,1,2,2,3,0,0,2,2,0
253,まじんブドゥ,630,100,108,240,132,510,310,5,天使のレオタード,52,0,0,0,1,0,0,0,0,1,0,0,2,0,0,0,0,0,3,2,3,3,3,1,1,3,0,2,3,3,0,0,2,3,3
254,バスカービル,420,0,125,225,123,385,132,6,あくまのツメ,48,0,0,0,0,0,4,0,0,1,0,0,3,0,0,0,2,0,0,2,1,2,3,3,3,2,0,1,1,3,0,0,0,2,0
255,ドラゴメタル,100,100,255,77,410,2500,50,5,プラチナヘッド,40,0,1,0,0,1,0,0,0,2,0,0,4,3,3,3,3,3,3,2,3,3,3,3,2,2,3,3,2,3,3,3,3,3,3
256,まかいファイター,480,50,110,233,128,360,123,6,みなごろしの剣,50,0,0,0,0,0,0,0,0,1,0,0,4,0,2,0,2,1,0,2,2,3,3,2,1,2,0,1,3,3,0,0,1,2,0
257,ポムポムボム,390,30,103,190,110,285,135,5,インテリめがね,52,0,0,0,1,0,0,0,0,2,0,0,3,0,0,0,0,0,0,3,3,3,3,2,2,3,0,3,2,1,0,0,0,1,0
258,ゴーレムーガ,580,0,72,300,125,345,175,6,ごうけつのうでわ,42,0,0,0,0,0,0,0,0,0,0,0,4,0,0,0,0,3,2,1,2,2,3,3,3,2,1,1,2,3,0,0,0,2,0
259,なし,30000,100,10,10,10,10,10,0,なし,42,0,0,0,0,0,0,0,0,0,0,0,0,0,0,0,0,0,0,0,0,0,0,0,0,0,0,0,0,0,0,0,0,0,0
260,パンドラボックス,900,10,131,240,200,630,280,5,ひかりのドレス,50,0,0,0,0,0,2,0,0,2,0,0,5,0,1,0,2,1,2,2,3,3,3,1,3,2,2,2,2,3,0,0,0,3,3
261,くさったまじゅう,650,0,45,260,30,420,50,4,ほねつきにく,51,0,0,1,0,0,0,0,0,0,0,0,4,0,0,0,0,3,2,1,1,2,1,3,3,3,0,3,2,3,0,0,0,2,0
262,キラープラスター,530,0,102,267,92,418,87,5,やいばのよろい,53,0,0,0,0,0,1,0,0,1,0,0,4,1,1,1,0,2,0,2,2,3,3,3,3,2,0,2,3,1,0,0,0,3,1
263,デビルマスタッシュ,580,90,95,256,110,515,190,5,しんぴのビスチェ,54,0,0,0,0,0,0,0,0,1,0,0,3,0,0,0,1,2,3,3,3,3,3,2,2,2,1,3,2,3,0,0,2,2,1
264,ゴードンヘッド,700,0,100,270,170,650,90,6,まじんのかなづち,55,0,0,0,0,0,0,0,0,0,0,0,3,2,2,0,0,0,0,2,3,2,3,3,3,2,1,2,2,3,0,1,1,2,0
265,プラチナキング,200,100,255,210,800,65000,700,5,しあわせのぼうし,60,1,0,0,0,1,0,0,0,1,1,3,1,3,3,3,3,3,3,3,2,3,3,3,3,3,3,3,2,3,3,3,3,3,3
266,エビルプラント,610,50,88,280,110,900,210,5,しんぴのビスチェ,57,0,0,0,0,0,0,0,0,0,0,0,4,0,0,0,3,0,0,2,2,2,3,3,2,2,0,3,3,3,0,3,0,2,0
267,ほうらい大王,720,80,92,290,135,1050,180,5,ふしぎなぼうし,58,0,0,0,0,0,0,0,0,0,0,0,1,2,2,2,0,0,2,2,3,3,3,2,2,3,2,3,2,3,2,1,0,2,1
268,なし,30000,100,10,10,10,10,10,0,なし,58,0,0,0,0,0,0,0,0,0,0,0,0,0,0,0,0,0,0,0,0,0,0,0,0,0,0,0,0,0,0,0,0,0,0
269,デスゴーゴン,700,70,110,300,90,750,162,5,まじゅうのツメ,58,0,0,0,0,0,0,0,0,1,0,0,2,0,0,0,0,0,0,3,2,3,3,2,2,2,1,2,1,3,0,0,0,2,1
270,エビルエスターク,750,90,117,410,142,990,142,6,バーサカヘルム,59,0,0,0,0,0,1,0,0,1,0,0,2,1,1,0,1,1,0,2,3,3,3,2,2,3,2,1,3,3,1,1,1,3,2
271,れんごくまちょう,870,30,123,330,155,1250,185,5,プラチナヘッド,60,0,0,0,0,0,0,0,0,1,0,0,2,2,2,2,0,0,0,3,3,3,3,1,1,3,2,3,3,3,3,0,0,3,0
272,ナイトキング,800,100,95,310,140,1420,210,5,みなごろしの剣,60,0,0,1,0,0,0,0,0,1,0,0,4,0,0,0,3,0,0,3,3,3,3,2,2,3,2,3,3,3,0,3,0,3,0
273,あんこくまどう,690,90,115,290,146,1300,230,5,やまびこのぼうし,60,0,0,0,0,0,0,0,0,1,0,0,3,1,1,1,1,1,1,1,3,3,3,3,3,3,0,3,2,3,0,0,1,3,2
274,ドラゴン・ウー,900,0,93,380,150,1500,250,5,まじんのかなづち,45,0,1,0,0,0,0,0,0,0,0,0,4,0,0,0,0,3,0,2,3,3,3,3,3,2,1,3,3,3,1,1,0,3,0
275,突げきうお,18,4,15,22,14,8,5,4,やくそう,7,0,0,0,0,0,0,0,0,1,0,0,6,0,0,0,0,0,0,0,0,0,3,0,0,1,0,0,0,3,0,0,0,1,0
276,おばけヒトデ,20,4,10,19,15,9,6,5,かいがらぼうし,7,0,0,0,0,0,0,0,0,1,0,0,4,0,0,0,0,0,0,0,0,0,1,0,0,1,0,0,0,0,0,0,0,1,0
277,おばけ海牛,30,0,8,17,8,10,4,4,どくけし草,7,0,0,0,0,0,0,0,0,0,0,0,4,0,0,0,0,0,0,0,0,1,2,3,3,1,0,0,0,3,0,0,0,1,0
278,デスキャンサー,90,0,35,65,40,73,56,5,ブロンズナイフ,25,0,0,0,0,0,0,0,0,0,0,0,5,0,1,1,1,2,0,1,0,1,3,3,3,1,0,0,0,3,0,0,0,1,0
279,なし,30000,100,10,10,10,10,10,0,なし,10,0,0,0,0,0,0,0,0,0,0,0,0,0,0,0,0,0,0,0,0,0,0,0,0,0,0,0,0,0,0,0,0,0,0
280,ようかい魚,85,0,35,70,20,60,52,4,とがったホネ,25,0,0,1,0,0,0,0,0,0,0,0,4,0,0,0,1,0,0,1,1,2,1,3,3,1,0,2,1,3,0,0,0,2,0
281,たつのこナイト,78,20,80,80,40,72,70,5,鉄のやり,25,0,0,0,0,0,0,0,0,1,0,0,6,0,0,0,0,1,0,1,2,1,3,2,2,1,0,0,1,3,0,0,0,2,0
282,ピラニアン,90,16,62,85,58,65,61,5,ブロンズナイフ,25,0,0,0,0,0,0,0,0,1,0,0,5,0,0,0,1,1,0,1,1,1,3,2,2,1,0,0,1,3,0,0,0,2,0
283,タップペンギー,105,4,58,75,50,70,42,4,皮のぼうし,25,0,0,0,0,0,0,0,0,1,0,0,5,0,0,0,3,0,0,1,2,2,3,1,1,1,0,0,1,0,0,0,0,2,0
284,しびれマイマイ,80,12,52,65,63,73,30,4,かいがらぼうし,25,0,0,0,0,0,0,0,0,0,0,0,4,1,2,2,0,0,0,2,0,1,3,2,1,1,0,1,0,3,0,0,0,3,0
285,マルチアイ,140,30,45,79,25,81,45,5,ピンクパール,25,0,0,0,0,0,0,0,0,0,0,0,4,0,0,0,0,0,0,3,3,0,0,3,2,3,0,1,2,3,0,0,0,3,0
286,デビルアンカー,90,10,71,85,95,77,61,6,かしこさのたね,26,0,0,0,0,0,0,0,0,1,0,0,4,2,2,2,2,2,0,1,1,2,3,0,0,0,0,2,1,3,2,2,0,2,2
287,エビルタートル,85,0,85,90,88,90,53,4,バイキングメット,26,0,0,0,0,0,0,0,0,1,0,0,3,1,1,1,1,3,0,1,1,1,3,3,3,0,0,0,0,3,0,0,0,2,2
288,海のまもりガメ,180,15,77,125,120,133,72,6,まもりのたね,33,0,0,0,0,0,0,0,0,0,0,0,3,1,1,1,3,3,0,2,2,3,3,3,3,1,1,2,1,3,0,0,0,1,1
289,エレフローパー,200,30,83,130,90,120,65,6,ふしぎなきのみ,34,0,0,0,0,0,0,0,0,1,0,0,4,0,0,0,0,0,0,2,2,1,3,3,2,1,0,2,1,3,0,0,0,2,1
290,マージスター,240,50,120,135,95,115,80,5,いのりのゆびわ,35,0,0,0,0,0,0,0,0,1,0,0,4,1,1,1,1,1,0,1,1,2,3,2,1,2,0,2,1,3,0,0,0,3,3
291,なし,30000,100,10,10,10,10,10,0,なし,10,0,0,0,0,0,0,0,0,0,0,0,0,0,0,0,0,0,0,0,0,0,0,0,0,0,0,0,0,0,0,0,0,0,0
292,ボーンフィッシュ,220,0,73,140,80,122,52,4,とがったホネ,35,0,0,0,0,0,0,0,0,1,0,0,5,0,0,0,3,0,0,3,2,3,1,3,3,1,0,2,2,3,0,2,0,1,1
293,シードラゴンズ,260,50,83,150,83,175,105,5,もろはのつるぎ,40,0,0,0,0,0,0,0,0,1,0,0,3,0,0,0,0,0,0,3,3,3,3,2,1,2,0,3,2,3,2,2,0,3,2
294,なし,30000,100,10,10,10,10,10,0,なし,10,0,0,0,0,0,0,0,0,0,0,0,0,0,0,0,0,0,0,0,0,0,0,0,0,0,0,0,0,0,0,0,0,0,0
295,岩とびあくま,230,16,92,135,103,130,92,5,風のぼうし,39,0,0,0,0,0,0,0,0,2,0,0,4,0,0,0,3,0,0,2,2,2,3,1,1,2,1,1,0,3,0,2,0,1,2
296,ヘルダイバー,250,30,72,105,92,105,93,6,天使のレオタード,28,0,0,0,0,0,0,0,0,1,0,0,3,0,0,0,3,3,0,2,2,2,3,1,1,0,0,2,2,3,0,1,0,3,1
297,あんこくつむり,190,8,62,133,180,125,83,4,まどうしの杖,38,0,0,0,0,0,0,0,0,0,0,0,5,2,2,2,2,2,1,1,1,2,3,1,1,2,0,3,2,3,1,1,0,2,1
298,キルゲータ,170,0,106,165,140,145,77,6,すばやさのたね,40,0,0,0,0,0,1,0,0,1,0,0,5,0,0,0,0,0,0,1,1,1,3,3,3,1,0,0,1,3,0,0,0,2,1
299,ワームスペクター,230,10,63,145,95,156,68,6,ふしぎなぼうし,40,0,0,0,0,0,0,0,0,0,0,0,4,0,0,0,0,2,0,3,3,2,1,2,3,1,0,0,1,3,0,0,0,2,0
300,ダゴン,350,0,75,170,102,180,98,6,命のきのみ,42,0,0,0,0,0,0,1,0,0,0,0,3,0,0,0,0,0,0,3,3,3,3,3,3,3,0,2,1,3,0,0,0,3,0
301,フロッグキング,400,38,88,190,93,210,110,5,インテリめがね,43,0,0,0,0,0,0,1,0,1,0,0,3,0,0,0,1,2,0,2,3,3,3,2,2,2,0,3,1,3,1,1,1,3,3
302,グレイトマーマン,430,50,96,210,110,215,130,6,命のゆびわ,44,0,0,0,0,0,0,1,0,1,0,0,3,0,0,0,2,1,0,2,3,3,3,2,2,2,0,3,2,3,1,1,1,3,2
303,ギャオース,450,0,90,240,92,240,150,6,ちからのたね,45,0,0,0,0,0,0,0,0,1,0,0,3,0,0,0,0,3,0,2,3,3,3,3,3,2,0,3,2,3,1,1,0,3,1
304,スライム,10,0,3,8,8,1,1,6,やくそう,1,0,0,0,0,1,0,0,0,0,0,0,0,0,0,0,0,0,0,0,0,0,0,3,3,0,0,0,0,3,0,0,0,0,0
305,ゴーレム,280,0,12,32,20,60,70,0,ふしぎな石版緑,13,0,0,0,0,0,0,0,0,0,0,0,0,0,0,0,0,0,0,1,1,3,3,3,3,3,1,3,3,3,2,1,3,3,3
306,チョッキンガー,310,50,24,42,31,80,90,0,まもりのたね,18,0,0,0,0,0,0,0,0,1,0,0,0,0,1,1,0,2,0,2,2,3,3,3,3,3,0,3,0,3,2,2,3,3,0
307,マチルダ,250,0,150,20,30,20,30,7,なし,20,0,0,0,0,0,0,0,0,0,0,0,0,0,0,0,0,0,0,3,3,3,3,3,3,3,1,3,3,3,1,1,1,3,1
308,炎の巨人,310,0,13,47,24,120,150,0,ふしぎな石版青,6,0,0,0,0,0,0,0,0,0,0,0,0,3,3,3,0,0,0,3,2,3,3,3,3,3,0,3,1,3,2,0,0,3,1
309,デス・アミーゴ,520,20,20,52,35,200,250,0,なし,5,0,0,0,0,0,1,0,0,1,0,0,0,0,0,0,0,0,0,1,1,3,3,3,3,3,1,3,3,3,0,0,3,3,3
310,フォロッド兵,360,4,25,50,32,160,100,0,なし,10,0,0,0,0,0,0,0,1,1,0,0,0,0,0,0,0,0,0,2,2,3,3,3,2,3,1,3,1,3,0,0,3,3,3
311,からくり兵,60,0,15,46,42,62,20,5,鉄のオノ,11,0,0,0,0,0,1,0,0,0,0,0,0,1,1,1,1,1,0,3,3,3,3,3,3,3,2,3,1,3,1,1,1,3,3
312,からくり兵,60,0,8,40,38,72,20,0,なし,11,0,0,0,0,0,0,0,0,0,0,0,0,1,1,1,1,1,0,3,3,3,3,3,3,3,2,3,1,3,1,1,1,3,3
313,マシンマスター,250,12,45,48,40,180,70,0,なし,15,0,0,0,0,0,0,0,0,0,0,0,0,0,0,0,0,0,0,1,3,3,3,2,2,3,1,3,2,3,0,0,3,3,3
314,デスマシーン,380,8,38,80,70,300,200,0,なし,18,0,0,0,0,0,1,0,0,0,0,0,0,1,1,1,1,1,0,3,3,3,3,3,3,3,2,3,1,3,1,1,1,3,3
315,あめふらし,450,10,38,65,39,350,310,0,なし,17,0,0,0,0,0,2,0,0,0,0,0,0,0,0,1,1,0,0,2,3,3,3,0,3,3,1,3,2,3,0,1,0,3,3
316,どうくつまじん,450,24,27,70,40,432,123,0,なし,19,0,0,0,0,0,4,0,0,0,0,0,0,0,0,0,0,1,0,2,3,3,3,0,1,3,0,3,2,3,0,1,0,3,2
317,おどる宝石,110,5,49,48,36,110,350,0,なし,15,0,0,0,0,0,0,0,0,0,0,0,0,0,0,0,0,1,0,1,3,3,3,0,3,3,0,3,2,0,2,2,1,3,1
318,あらくれ,177,0,72,80,34,0,0,0,なし,60,0,0,0,0,0,0,0,0,0,0,0,0,0,0,0,0,0,0,0,0,3,3,0,3,3,0,3,3,3,0,0,0,3,1
319,スイフー,30000,0,57,120,67,0,0,0,なし,60,0,0,0,0,0,0,3,0,1,0,0,0,0,0,0,0,0,0,3,3,3,3,0,3,3,3,3,3,3,0,0,3,3,3
320,ぶとうか,200,0,93,75,33,0,0,0,なし,60,0,0,0,0,0,0,0,0,0,0,0,0,0,0,0,0,0,0,0,0,3,3,0,3,3,0,3,3,3,0,0,0,3,2
321,イノップ,30000,255,93,95,40,0,0,0,なし,64,0,0,0,0,0,0,3,0,0,0,0,0,0,0,0,0,0,0,2,3,3,3,0,0,3,3,3,3,3,0,0,0,3,2
322,ゴンズ,30000,255,74,85,35,0,0,0,なし,64,0,0,0,0,0,0,3,0,1,0,0,0,0,0,0,0,0,0,2,3,3,3,0,3,3,3,3,3,3,0,0,0,3,2
323,イノップ,440,0,73,90,38,278,310,0,なし,20,0,0,0,0,0,0,0,0,0,0,0,0,0,0,0,0,0,0,1,3,3,3,3,3,3,1,3,2,3,0,0,3,3,2
324,ゴンズ,400,0,64,79,35,294,320,0,なし,19,0,0,0,0,0,0,0,0,1,0,0,0,0,0,0,0,0,0,1,3,3,3,3,3,3,1,3,1,3,0,0,3,3,2
325,マンイーター,400,25,76,75,44,419,294,0,なし,21,0,0,0,0,0,0,0,0,1,0,0,0,0,0,0,0,0,0,1,3,3,3,1,3,3,1,3,2,3,0,0,3,3,1
326,ネペロ,345,100,25,70,47,200,50,0,なし,15,0,0,0,0,0,0,0,0,1,0,0,0,1,1,1,1,1,1,1,2,3,3,0,3,2,0,0,2,3,0,0,0,3,3
327,スコット,270,50,30,65,40,210,40,0,なし,16,0,0,0,0,0,0,0,0,0,0,0,0,0,0,0,0,0,0,2,0,3,3,0,3,1,0,0,2,3,0,0,0,3,3
328,ガルシア,350,50,35,105,56,250,50,0,なし,17,0,0,0,0,0,0,0,0,0,0,0,0,0,0,0,0,0,0,2,2,3,3,0,3,3,0,0,2,3,1,0,0,3,3
329,トンプソン,280,150,30,90,60,260,60,0,なし,18,0,0,0,0,0,0,0,0,0,0,0,0,0,0,0,0,0,0,0,2,3,3,0,3,3,0,0,2,3,0,0,0,3,3
330,ナプト,270,0,95,80,55,280,70,0,なし,15,0,0,0,0,0,1,0,0,0,0,0,0,0,0,0,0,0,0,0,2,3,3,0,3,3,0,0,3,3,0,0,0,3,3
331,ドンホセ,300,0,100,75,40,300,80,0,なし,20,0,0,0,0,0,0,0,0,0,0,0,0,0,0,0,0,0,0,0,2,3,3,0,3,3,0,0,1,3,0,0,0,3,3
332,ネリス,460,23,74,90,57,267,0,0,なし,21,0,0,0,0,0,2,0,0,1,0,0,0,0,0,1,1,1,0,1,3,3,3,3,3,3,1,3,3,3,0,1,0,3,3
333,アントリア,700,55,75,85,63,687,743,0,なし,24,0,0,0,0,0,1,0,0,1,0,0,0,0,1,0,1,1,0,1,1,3,3,3,3,3,1,3,2,3,0,1,3,3,3
334,さんぞく兵,200,0,71,80,46,199,44,0,なし,20,0,0,0,0,0,0,0,0,1,0,0,0,0,1,0,0,1,0,1,1,3,3,3,3,3,1,1,0,3,0,0,1,3,3
335,さんぞく兵マージ,140,30,72,65,50,182,6,0,なし,20,0,0,0,0,0,0,0,0,0,0,0,0,1,0,0,0,0,0,1,3,3,3,0,3,3,1,1,1,3,0,0,1,3,2
336,さんぞく,180,0,96,75,40,187,8,0,なし,20,0,0,0,0,0,0,0,1,0,0,0,0,0,1,0,1,1,0,1,0,1,3,3,3,0,0,0,2,3,0,0,1,0,0
337,エテポンゲ,230,45,77,68,40,201,5,0,なし,21,0,0,0,0,0,0,0,0,1,0,0,0,0,0,0,0,1,0,1,1,3,3,3,3,3,1,3,1,0,0,0,1,3,2
338,さんぞくのカシラ,500,19,74,92,45,731,637,0,なし,25,0,0,0,0,0,1,0,0,1,0,0,0,0,0,0,0,1,0,1,3,3,3,3,3,3,0,1,3,3,0,0,1,3,3
339,ボーンライダー,500,4,32,60,26,100,270,0,なし,13,0,0,0,0,0,1,0,0,1,0,0,0,0,0,0,0,0,0,3,3,3,3,0,0,3,0,0,3,3,1,0,0,3,2
340,ピグモンエビル,400,10,24,62,30,100,50,0,なし,14,0,0,0,0,0,0,0,0,0,0,0,0,0,0,0,0,0,0,0,0,3,3,0,0,0,0,0,2,3,0,0,0,3,0
341,ピグモンエビル,550,10,25,68,30,180,90,0,なし,15,0,0,0,0,0,0,0,0,0,0,0,0,0,0,0,0,0,0,0,0,3,3,0,0,0,0,0,1,3,0,0,0,3,0
342,セト,900,8,40,80,59,650,250,0,なし,27,0,0,0,0,0,2,0,2,1,0,0,0,1,0,0,0,0,0,3,3,3,3,3,3,3,0,0,3,3,1,0,0,3,0
343,あやしい男,350,0,80,95,60,72,75,0,なし,25,0,0,0,0,0,2,0,0,2,0,0,0,0,0,0,2,1,0,1,2,3,3,3,3,3,0,0,2,3,0,0,0,3,0
344,いどまじん,580,40,85,105,70,370,40,0,なし,28,0,0,0,0,0,1,0,0,0,0,0,0,0,0,0,0,0,0,3,3,3,3,2,1,3,0,0,2,3,1,1,1,3,2
345,ウルフデビル,600,50,85,115,85,400,210,0,なし,30,0,0,0,0,0,0,0,0,1,0,0,0,0,0,0,0,0,0,3,3,3,3,1,1,3,0,3,2,3,0,0,2,3,2
346,タイムマスター,780,120,90,135,85,750,312,0,ふしぎな石版黄,32,0,0,0,0,0,0,0,0,0,0,0,0,0,1,2,0,1,0,2,3,3,3,2,3,3,0,3,2,3,1,0,2,3,2
347,マキマキ,230,40,52,85,73,77,25,0,ふしぎな石版黄,22,0,0,0,0,0,0,0,0,0,0,0,0,0,0,0,0,0,0,0,1,3,3,0,0,3,0,0,2,3,0,0,1,3,1
348,エンタシスマン,180,20,46,102,67,150,51,0,なし,29,0,0,0,0,0,0,0,0,0,0,0,0,2,2,1,0,0,0,1,3,2,2,1,0,2,0,0,2,0,0,0,0,2,0
349,海底のゴースト,150,50,75,80,50,95,0,0,なし,24,0,0,0,0,0,0,0,0,0,0,0,0,1,1,1,0,0,2,1,3,3,3,2,1,2,0,0,0,3,0,0,0,2,0
350,グラコス,1400,90,65,165,85,1320,720,0,なし,35,0,0,0,0,0,1,0,0,0,0,0,0,0,0,0,2,0,0,2,3,3,3,0,3,3,3,3,3,3,0,2,1,3,2
351,キングスライム,670,70,60,150,90,120,77,0,まものせいそく図,33,0,0,0,0,1,1,0,0,0,0,0,0,1,1,1,1,2,0,3,3,3,3,2,1,3,3,3,3,3,1,1,0,3,2
352,ギガミュータント,1050,0,62,160,82,1230,125,0,ふしぎな石版赤,36,0,0,0,1,0,1,0,0,0,0,0,0,0,2,3,0,0,1,2,3,3,3,3,3,3,0,3,3,3,0,0,1,3,1
353,グラコス5世,1500,100,65,180,85,1950,940,0,なし,38,0,0,0,0,0,1,0,0,0,0,0,0,0,0,0,2,0,0,3,3,3,3,0,3,3,3,3,3,3,0,2,1,3,2
354,マージインプ,180,30,92,185,68,120,90,0,なし,30,0,0,0,0,0,0,0,0,1,0,0,0,0,0,0,1,1,1,2,2,0,2,1,1,1,0,1,1,3,0,0,0,2,0
355,りゅうき兵,9999,255,60,190,150,0,0,0,なし,64,0,0,0,1,0,0,0,0,2,0,0,0,3,3,3,2,2,2,3,3,3,3,3,3,3,3,3,3,3,1,1,3,3,3
356,りゅうき兵,1200,0,43,98,52,850,1500,0,なし,35,0,0,0,1,0,0,0,0,0,0,0,0,0,0,0,0,0,0,0,2,3,3,3,3,3,0,3,3,3,0,0,3,3,3
357,ベビーゴイル,250,32,212,105,65,130,110,0,なし,30,0,0,0,0,0,0,0,0,0,0,0,0,0,0,0,0,0,0,0,1,1,2,0,0,0,0,0,0,0,3,0,0,0,0
358,ピンクオーク,300,35,145,155,78,145,110,0,なし,30,0,0,0,0,0,0,0,0,1,0,0,0,0,0,0,0,0,0,0,2,1,3,2,1,0,0,1,1,1,0,0,0,2,0
359,ボルンガ,1000,0,60,180,100,280,1240,0,なし,35,0,0,0,0,0,0,0,0,1,0,0,0,0,0,0,1,1,1,3,3,3,3,2,3,3,2,3,3,3,1,1,2,3,3
360,あくま神官,420,150,250,92,115,100,120,0,なし,31,0,0,0,0,0,0,0,0,1,0,0,0,1,2,3,1,1,0,1,3,3,3,3,2,3,1,2,3,3,0,0,0,3,0
361,ヘルバオムのねっこ,185,0,135,152,70,80,20,0,なし,32,0,0,0,0,0,0,0,0,1,0,0,0,0,0,0,0,0,0,0,3,3,3,3,3,3,0,3,3,3,0,0,0,3,3
362,ヘルバオム,1300,255,100,180,80,1650,2100,0,ふしぎな石版緑,40,0,0,0,0,0,1,0,0,0,0,0,0,0,0,0,1,1,1,2,3,3,3,3,3,3,0,3,3,3,0,1,1,3,3
363,やみのドラゴン,1350,0,105,195,80,1330,950,0,なし,23,0,1,0,0,0,0,0,0,0,0,0,0,0,0,0,3,1,1,3,3,3,3,3,3,3,0,1,3,3,0,0,1,3,3
364,チビィ,1260,0,132,185,160,375,0,0,なし,34,0,0,0,0,0,1,0,0,1,0,0,0,0,0,0,0,0,0,2,3,3,3,3,3,3,0,3,2,3,0,0,1,3,2
365,ヘルワーム,500,0,112,140,113,223,123,0,なし,32,0,0,0,0,0,1,0,1,0,0,0,0,0,0,0,0,0,0,2,1,3,3,3,3,3,0,3,2,3,0,0,1,3,1
366,メディルの使い,1390,255,113,101,81,740,920,0,なし,33,0,0,0,0,0,1,0,0,2,0,0,0,2,2,2,1,1,1,3,3,3,3,3,3,3,3,3,3,3,2,1,0,3,2
367,ゼッペル,40000,255,37,270,200,1,1,0,なし,64,0,0,1,0,0,2,0,0,1,0,0,0,2,2,2,2,2,2,3,3,3,3,3,3,3,3,3,3,3,0,0,0,3,3
368,ゼッペル,2200,255,82,165,90,2260,710,0,なし,42,0,0,1,0,0,1,0,0,0,0,0,0,0,0,0,0,0,0,3,3,3,3,3,3,3,1,3,3,3,0,0,0,3,0
369,やみのまじん,2500,100,86,171,94,1760,575,0,なし,27,0,0,0,1,0,1,0,0,0,0,0,0,0,0,0,0,3,0,3,3,3,3,3,3,3,2,3,3,3,0,1,0,3,2
370,ヘルクラウダー,3080,255,96,185,91,2160,604,0,なし,33,0,0,0,1,0,1,0,0,2,0,0,0,0,0,0,0,3,0,3,3,3,3,3,3,3,3,3,3,3,0,2,0,3,3
371,フォレストガード,600,0,80,140,99,205,70,0,なし,38,0,0,0,1,0,0,0,0,1,0,0,0,0,0,0,0,3,0,0,0,3,3,3,3,0,0,0,0,3,0,0,0,3,0
372,ボトク,2500,255,83,155,93,2150,200,0,なし,45,0,0,0,0,0,2,0,2,2,0,0,0,0,0,0,0,3,0,3,3,3,3,3,3,3,0,3,3,3,0,0,1,3,1
373,ガマデウス,1300,255,95,170,100,920,500,0,なし,46,0,0,0,0,0,0,0,0,1,0,0,0,0,0,0,2,0,0,3,2,3,3,3,3,3,0,0,3,3,0,0,0,3,1
374,バリクナジャ,1580,85,90,190,105,2750,724,0,ふしぎな石版？,47,0,0,0,0,0,0,0,0,1,0,0,0,0,0,0,0,0,0,3,3,3,3,3,3,3,0,0,3,3,0,0,0,3,2
375,炎のせいれい,5000,255,100,220,120,3700,800,0,なし,52,0,0,0,0,0,0,0,0,0,0,0,0,3,3,3,0,0,0,3,3,3,3,3,3,3,0,3,3,3,3,0,1,3,0
376,ネイルビースト,1800,0,90,202,90,480,0,0,なし,40,0,0,0,0,0,0,0,2,1,0,0,0,0,0,0,3,0,0,0,0,3,3,3,3,2,0,3,0,3,0,3,0,3,0
377,ボーンフィッシュ,1500,255,94,180,100,350,0,0,なし,40,0,0,1,0,0,0,0,0,1,0,0,0,0,0,0,3,0,0,0,0,3,3,2,2,3,0,0,0,3,0,3,0,3,0
378,おばけヒトデ,1300,80,100,160,140,320,0,0,なし,40,0,0,0,0,0,0,0,0,1,0,0,0,0,0,0,3,0,0,0,0,3,3,1,2,3,0,0,0,2,0,3,0,3,0
379,スノーバット,860,32,92,173,70,320,108,0,なし,40,0,0,0,1,0,0,0,0,1,0,0,0,0,0,0,3,1,0,1,1,3,3,3,1,0,0,1,1,3,0,3,0,2,0
380,ネンガル,4680,0,99,267,32,3690,1009,0,なし,55,0,0,0,0,0,0,0,0,1,0,0,0,0,0,0,0,0,0,3,3,3,3,3,3,3,2,3,3,3,0,0,0,3,3
381,なし,50,100,10,10,10,10,10,0,やくそう,10,0,0,0,0,0,0,0,0,0,0,0,0,0,0,0,0,0,0,0,0,0,0,0,0,0,0,0,0,0,0,0,0,0,0
382,オルゴ・デミーラ,3500,254,80,330,200,0,0,0,なし,70,0,1,0,0,0,0,0,0,0,0,0,0,0,0,0,0,0,0,3,3,3,3,3,3,3,3,3,3,3,0,0,2,3,0
383,オルゴ・デミーラ,3300,255,135,330,200,0,0,0,なし,50,0,0,0,0,0,2,0,0,1,0,0,0,0,0,0,0,0,0,3,3,3,3,3,3,3,3,3,3,3,0,0,2,3,0
384,オルゴ・デミーラ,3000,254,116,350,170,0,0,0,なし,70,0,0,1,0,0,1,1,0,0,0,0,0,0,0,0,0,0,0,3,3,3,3,3,3,3,3,3,3,3,0,0,1,3,0
385,オルゴ・デミーラ,4500,254,85,300,140,0,0,0,なし,70,0,0,1,0,0,1,2,0,0,0,0,0,0,0,0,0,0,0,3,3,3,3,3,3,3,2,3,3,3,0,0,0,3,0
386,オルゴ・デミーラ,3300,255,135,330,200,0,0,0,なし,50,0,0,0,0,0,1,0,0,1,0,0,0,0,0,0,0,0,0,3,3,3,3,3,3,3,3,3,3,3,0,0,2,3,0
387,オルゴ・デミーラ,4500,254,85,300,140,0,0,0,なし,70,0,0,1,0,0,1,2,0,0,0,0,0,0,0,0,0,0,0,3,3,3,3,3,3,3,2,3,3,3,0,0,0,3,0
388,オルゴ・デミーラ,4500,254,85,300,140,0,0,0,なし,70,0,0,1,0,0,0,2,0,0,0,0,0,0,0,0,0,0,0,3,3,3,3,3,3,3,2,3,3,3,0,0,0,3,0
389,オルゴ・デミーラ,3000,255,107,182,127,0,0,0,なし,25,0,0,0,0,0,1,0,0,0,0,0,0,1,1,1,1,0,0,3,3,3,3,3,3,3,3,3,3,3,1,0,0,3,1
390,オルゴ・デミーラ,3000,255,107,182,127,0,0,0,なし,25,0,0,0,0,0,1,0,0,0,0,0,0,1,1,1,1,0,0,3,3,3,3,3,3,3,3,3,3,3,1,0,0,3,1
391,オルゴ・デミーラ,4200,0,82,230,90,0,0,0,なし,10,0,0,0,0,0,1,0,0,2,0,0,0,0,0,0,0,0,0,3,3,3,3,3,3,3,3,3,3,3,0,0,0,3,0
392,神さま,12400,255,173,382,162,0,0,0,なし,55,0,0,0,0,0,2,2,0,1,0,0,0,0,0,0,0,0,0,3,3,3,3,3,3,3,3,3,3,3,0,0,2,3,0
393,ドラゴラム,30000,100,72,190,180,0,0,0,なし,10,0,1,0,0,0,0,0,0,0,0,0,0,2,2,2,2,0,0,1,1,2,3,3,3,2,1,2,1,3,2,2,2,2,3
394,へんしん,30000,100,65,145,190,0,0,0,なし,10,0,0,0,0,0,0,0,0,2,0,0,0,1,1,1,2,1,0,0,1,2,3,2,2,1,1,1,1,3,1,1,1,2,3
395,タッツウ,300,50,80,180,150,0,0,0,さばきの杖,10,0,0,0,0,0,0,0,0,0,0,0,0,1,1,1,1,1,1,1,1,3,3,3,3,3,1,3,3,3,1,1,1,3,3
396,デアゴ,450,60,120,210,160,0,0,0,まじゅうのキバ,10,0,0,0,0,0,0,0,0,1,0,0,0,0,0,0,0,0,0,3,1,2,3,3,3,2,1,3,1,3,0,0,0,3,3
397,サムシン,550,40,150,250,190,0,0,0,ゴディアスの剣,10,0,0,0,0,0,2,0,0,3,0,0,0,1,1,1,1,1,0,2,3,2,2,2,3,1,2,3,2,3,0,0,0,3,3
398,バズウ,800,150,100,300,230,0,0,0,けんじゃの杖,10,0,0,0,0,0,0,0,0,0,0,0,0,2,2,2,2,2,1,3,1,3,1,3,2,3,2,3,3,3,0,0,0,3,3
399,カカロン,1500,70,95,310,240,0,0,0,さばきの杖,10,0,0,0,0,0,0,0,0,1,0,0,0,1,1,1,1,1,1,1,2,3,3,0,2,3,2,0,0,3,2,2,1,3,3
400,バルバルー,2000,90,115,340,250,0,0,0,まじゅうのキバ,10,0,0,0,0,0,0,0,0,1,0,0,0,0,0,0,0,0,0,3,2,2,3,0,0,3,1,3,3,3,2,2,1,3,3
401,クシャラミ,2200,0,150,300,270,0,0,0,ゴディアスの剣,10,0,0,0,0,0,0,0,0,0,0,0,0,1,1,1,1,1,1,2,2,2,3,3,3,1,1,3,3,2,2,2,0,3,3
402,ドメディ,3000,70,130,390,300,0,0,0,けんじゃの杖,10,0,0,0,0,0,0,0,0,0,0,0,0,1,1,1,1,1,1,1,2,3,3,3,2,3,1,3,3,3,1,1,0,3,3
403,マチルダ,65000,255,35,75,95,0,0,0,はがねのつるぎ,20,0,0,0,0,0,0,2,0,3,0,0,0,2,2,2,2,2,2,3,3,3,3,3,3,3,3,3,3,3,3,3,3,3,3
404,なし,500,255,35,75,95,0,0,0,なし,20,0,0,0,0,0,0,2,0,3,0,0,0,2,2,2,2,2,2,3,3,3,3,3,3,3,3,3,3,3,3,3,3,3,3
405,ハンク,65000,255,20,60,55,0,0,0,はがねのつるぎ,15,0,0,0,0,0,0,2,0,1,0,0,0,0,1,1,1,1,1,3,3,3,3,3,3,3,1,3,3,3,1,1,1,3,1
406,きこり,65000,0,15,20,30,0,0,0,なし,9,0,0,0,0,0,0,0,0,0,0,0,0,0,0,0,0,0,0,0,0,0,0,0,0,0,0,0,0,0,0,0,0,0,0
407,ガボ,30000,100,10,10,10,10,10,0,なし,10,0,0,0,0,0,0,0,0,0,0,0,0,0,0,0,0,0,0,0,0,0,0,0,0,0,0,0,0,0,0,0,0,0,0
408,なし,30000,100,10,10,10,10,10,0,なし,10,0,0,0,0,0,0,0,0,0,0,0,0,0,0,0,0,0,0,0,0,0,0,0,0,0,0,0,0,0,0,0,0,0,0
409,トラッド,65000,255,35,70,70,0,0,0,はがねのつるぎ,12,0,0,0,0,0,0,0,0,0,0,0,0,0,0,0,0,0,0,3,3,3,3,3,3,3,0,3,3,3,0,0,0,3,0
410,なし,30000,100,10,10,10,10,10,0,なし,10,0,0,0,0,0,0,0,0,0,0,0,0,0,0,0,0,0,0,0,0,0,0,0,0,0,0,0,0,0,0,0,0,0,0
411,なし,30000,100,10,10,10,10,10,0,なし,10,0,0,0,0,0,0,0,0,0,0,0,0,0,0,0,0,0,0,0,0,0,0,0,0,0,0,0,0,0,0,0,0,0,0
412,ハディート,65000,255,94,92,85,0,0,0,なし,27,0,0,0,0,0,0,0,0,3,0,0,0,3,0,0,0,0,0,3,3,3,3,3,3,3,0,2,3,3,3,0,0,3,0
413,なし,30000,100,10,10,10,10,10,0,なし,10,0,0,0,0,0,0,0,0,0,0,0,0,0,0,0,0,0,0,0,0,0,0,0,0,0,0,0,0,0,0,0,0,0,0
414,むすめ,65000,255,50,40,50,0,0,0,なし,25,0,0,0,0,0,0,0,0,3,0,0,0,0,0,0,0,3,0,3,3,3,3,3,3,3,3,3,3,3,3,0,0,3,0
415,サイード,65000,0,124,260,110,0,0,0,なし,50,0,0,0,0,0,0,0,0,3,0,0,0,3,0,0,0,0,0,3,3,3,3,3,3,3,0,2,3,3,3,0,0,3,0
416,カシム,65000,0,55,73,40,0,0,0,ゴディアスの剣,22,0,0,0,0,0,0,3,0,0,0,0,0,0,1,0,1,0,0,1,1,3,3,3,3,3,1,3,3,3,1,0,3,3,3
417,フーラル,65000,0,60,63,35,0,0,0,なし,21,0,0,0,0,0,0,3,0,1,0,0,0,1,1,0,0,0,0,0,1,3,3,3,3,3,0,3,3,3,0,0,3,3,0
418,ザジ,65000,45,72,77,50,0,0,0,いかずちの杖,23,0,0,0,0,0,0,3,0,1,0,0,0,0,0,1,1,0,0,1,1,3,3,3,3,3,1,3,3,3,0,0,3,3,0
419,フォズ,65000,90,83,80,59,0,0,0,けんじゃの杖,24,0,0,0,0,0,0,3,0,1,0,0,0,0,1,1,0,0,1,3,3,3,3,3,3,3,0,3,1,3,1,1,3,3,3
420,ろうがくし,65000,255,100,75,140,0,0,0,なし,35,0,0,0,0,0,0,3,0,3,0,0,0,0,0,0,0,0,0,0,3,3,3,3,3,3,0,3,3,3,0,2,0,3,0
421,なし,30000,100,10,10,10,10,10,0,なし,10,0,0,0,0,0,0,0,0,0,0,0,0,0,0,0,0,0,0,0,0,0,0,0,0,0,0,0,0,0,0,0,0,0,0
422,ブロブロス,500,50,120,160,100,0,0,0,なし,70,0,0,1,0,0,0,0,0,0,0,0,0,0,0,0,1,1,0,2,3,3,2,1,1,3,1,3,3,3,0,1,2,3,0
423,ドゴロク,600,0,80,200,120,0,0,0,なし,70,0,0,1,0,0,0,0,0,0,0,0,0,0,0,0,1,1,0,2,3,3,2,3,3,3,1,3,3,3,0,1,0,3,0
424,シードラゴンズ,314,82,85,90,140,173,105,0,なし,10,0,0,0,0,0,0,0,0,1,0,0,0,0,0,0,0,1,0,3,3,3,3,2,1,3,0,3,2,3,2,2,0,3,1
425,たつのこナイト,248,62,135,110,90,72,70,0,なし,10,0,0,0,0,0,0,0,0,1,0,0,0,0,0,0,0,1,0,2,2,1,3,2,2,3,0,0,2,3,0,0,0,3,1
426,ほのおのせいれい,2900,255,135,235,131,2400,0,0,なし,56,0,0,0,0,0,0,0,0,1,0,0,0,3,1,1,0,0,0,3,3,3,3,3,3,3,3,3,3,3,3,0,1,3,1
427,だいちのせいれい,3200,255,61,275,90,3000,0,0,なし,56,0,0,0,0,0,0,0,0,0,0,0,0,0,0,0,0,0,0,2,2,3,3,3,3,3,3,3,1,3,0,0,0,3,0
428,みずのせいれい,2300,255,120,185,141,2400,0,0,なし,56,0,0,0,0,0,0,0,0,1,0,0,0,0,0,0,3,1,0,3,3,3,3,3,3,3,3,3,3,3,0,1,2,3,3
429,かぜのせいれい,1900,255,260,205,120,2400,0,0,なし,40,0,0,0,0,0,0,0,0,2,0,0,0,0,0,1,0,3,0,3,3,3,3,3,3,3,3,3,3,3,1,1,3,3,1
430,アルスもどき,30000,100,10,10,10,10,10,0,やくそう,10,0,0,0,0,0,0,0,0,0,0,0,0,0,0,0,0,0,0,0,0,0,0,0,0,0,0,0,0,0,0,0,0,0,0
431,アイラもどき,30000,100,10,10,10,10,10,0,やくそう,10,0,0,0,0,0,0,0,0,0,0,0,0,0,0,0,0,0,0,0,0,0,0,0,0,0,0,0,0,0,0,0,0,0,0
432,ガボもどき,30000,100,10,10,10,10,10,0,やくそう,10,0,0,0,0,0,0,0,0,0,0,0,0,0,0,0,0,0,0,0,0,0,0,0,0,0,0,0,0,0,0,0,0,0,0
433,マリベルもどき,30000,100,10,10,10,10,10,0,やくそう,10,0,0,0,0,0,0,0,0,0,0,0,0,0,0,0,0,0,0,0,0,0,0,0,0,0,0,0,0,0,0,0,0,0,0
434,メルビンもどき,30000,100,10,10,10,10,10,0,やくそう,10,0,0,0,0,0,0,0,0,0,0,0,0,0,0,0,0,0,0,0,0,0,0,0,0,0,0,0,0,0,0,0,0,0,0
435,神さま,12400,255,173,382,162,0,0,0,なし,55,0,0,0,0,0,1,2,0,1,0,0,0,0,0,0,0,0,0,3,3,3,3,3,3,3,3,3,3,3,0,0,1,3,0
436,ヘルバオムのねっこ,185,0,135,152,70,80,20,0,ふしぎな石版緑,32,0,0,0,0,0,0,0,0,1,0,0,0,0,0,0,0,0,0,0,3,3,3,3,3,3,0,3,3,3,0,0,0,3,3
437,かいぞくたち,65000,0,120,230,350,0,0,7,なし,32,0,0,0,0,0,0,2,0,0,0,0,0,0,0,0,0,3,3,3,3,3,3,3,3,3,3,3,3,3,1,1,0,3,3